0.124 0.007 0.389 0.267   -1.0
0.236 0.466 0.748 0.124   -1.0
0.609 0.516 0.756 0.122   1.0
0.416 0.203 0.672 0.034   -1.0
0.533 0.965 0.100 0.951   1.0
0.500 0.333 0.521 0.619   -1.0
0.086 0.000 0.650 0.115   -1.0
0.773 0.137 0.601 0.820   -1.0*
0.670 0.873 0.596 0.279   1.0
0.097 0.695 0.735 0.802   1.0
0.011 0.621 0.983 0.400   1.0
0.924 0.605 0.839 0.991   1.0
0.660 0.372 0.393 0.891   1.0
0.527 0.687 0.578 0.821   1.0
0.130 0.269 0.184 0.891   -1.0
0.192 0.745 0.139 0.252   -1.0
0.829 0.766 0.246 0.018   -1.0
0.382 0.521 0.951 0.860   1.0
0.450 0.626 0.596 0.888   1.0
0.765 0.515 0.572 0.092   -1.0
0.639 0.329 0.852 0.517   1.0
0.889 0.478 0.623 0.279   1.0
0.800 0.607 0.775 0.314   1.0
0.083 0.160 0.213 0.333   -1.0
0.879 0.857 0.813 0.097   1.0
0.234 0.567 0.371 0.833   1.0
0.969 0.067 0.005 0.292   -1.0
0.255 0.574 0.205 0.574   -1.0
0.893 0.127 0.899 0.658   1.0
0.811 0.394 0.504 0.717   1.0
0.457 0.662 0.317 0.210   -1.0
0.934 0.312 0.845 0.551   1.0
0.112 0.402 0.145 0.130   -1.0
0.067 0.265 0.676 0.758   -1.0
0.376 0.300 0.791 0.942   1.0
0.542 0.538 0.851 0.963   1.0
0.692 0.654 0.803 0.734   1.0
0.082 0.056 0.397 0.501   -1.0
0.511 0.050 0.420 0.375   -1.0
0.251 0.704 0.470 0.775   1.0
0.523 0.663 0.689 0.066   -1.0
0.558 0.885 0.150 0.490   1.0
0.099 0.955 0.329 0.899   1.0
0.635 0.219 0.577 0.544   -1.0
0.401 0.627 0.959 0.901   1.0
0.357 0.112 0.512 0.523   -1.0
0.334 0.624 0.603 0.009   -1.0
0.390 0.912 0.426 0.794   1.0
0.632 0.467 0.833 0.146   1.0
0.258 0.700 0.199 0.146   -1.0
0.152 0.022 0.546 0.698   -1.0
0.040 0.552 0.206 0.964   -1.0
0.864 0.459 0.307 0.819   1.0
0.080 0.468 0.425 0.201   -1.0
0.297 0.372 0.608 0.761   1.0
0.014 0.217 0.064 0.978   -1.0
0.419 0.372 0.385 0.485   1.0*
0.831 0.269 0.495 0.667   1.0
0.237 0.555 0.800 0.709   1.0
0.034 0.788 0.742 0.948   1.0
0.904 0.745 0.858 0.045   1.0
0.038 0.625 0.032 0.611   -1.0
0.927 0.936 0.846 0.407   1.0
0.176 0.354 0.491 0.058   1.0*
0.394 0.477 0.166 0.278   -1.0
0.917 0.846 0.744 0.512   1.0
0.967 0.005 0.881 0.127   -1.0
0.559 0.806 0.421 0.150   -1.0
0.954 0.379 0.362 0.058   -1.0
0.534 0.163 0.137 0.739   -1.0
0.192 0.753 0.957 0.150   1.0
0.025 0.397 0.930 0.044   -1.0
0.790 0.842 0.735 0.634   1.0
0.621 0.918 0.085 0.475   1.0
0.209 0.177 0.144 0.583   -1.0
0.743 0.561 0.387 0.128   -1.0
0.810 0.287 0.088 0.897   1.0
0.191 0.329 0.656 0.858   1.0
0.917 0.830 0.509 0.546   1.0
0.137 0.759 0.708 0.251   -1.0
0.874 0.539 0.236 0.029   -1.0
0.626 0.864 0.106 0.624   1.0
0.560 0.814 0.757 0.383   1.0
0.039 0.644 0.992 0.437   1.0
0.511 0.794 0.735 0.437   1.0
0.374 0.765 0.446 0.036   -1.0
0.311 0.133 0.806 0.055   1.0*
0.476 0.320 0.871 0.467   1.0
0.394 0.330 0.372 0.394   -1.0
0.930 0.738 0.488 0.371   1.0
0.947 0.799 0.086 0.373   1.0
0.001 0.978 0.725 0.853   1.0
0.343 0.613 0.469 0.276   -1.0
0.242 0.355 0.769 0.763   1.0
0.632 0.610 0.837 0.218   1.0
0.971 0.687 0.423 0.234   1.0
0.143 0.968 0.500 0.816   1.0
0.211 0.184 0.278 0.661   -1.0
0.344 0.993 0.196 0.424   -1.0
0.675 0.632 0.756 0.725   1.0
0.964 0.454 0.082 0.263   1.0*
0.426 0.196 0.367 0.704   -1.0
0.973 0.835 0.339 0.455   1.0
0.726 0.565 0.187 0.259   -1.0
0.649 0.119 0.854 0.875   1.0
0.814 0.464 0.779 0.286   1.0
0.624 0.688 0.480 0.550   1.0
0.619 0.762 0.118 0.440   -1.0
0.665 0.268 0.277 0.635   -1.0
0.328 0.697 0.173 0.581   -1.0
0.166 0.276 0.987 0.492   -1.0
0.854 0.265 0.293 0.949   1.0
0.993 0.919 0.896 0.599   1.0
0.365 0.627 0.074 0.332   -1.0
0.530 0.690 0.412 0.642   1.0
0.549 0.681 0.508 0.028   1.0*
0.741 0.103 0.080 0.791   -1.0
0.045 0.802 0.642 0.171   -1.0
0.825 0.192 0.712 0.414   1.0
0.928 0.334 0.294 0.073   -1.0
0.752 0.144 0.786 0.043   -1.0
0.011 0.787 0.169 0.743   -1.0
0.772 0.027 0.430 0.832   -1.0*
0.606 0.044 0.707 0.879   1.0
0.003 0.601 0.370 0.686   -1.0
0.923 0.335 0.709 0.441   1.0
0.503 0.151 0.144 0.337   -1.0
0.068 0.307 0.902 0.544   -1.0
0.062 0.012 0.978 0.502   -1.0
0.279 0.534 0.758 0.009   -1.0
0.253 0.281 0.934 0.484   -1.0
0.253 0.172 0.636 0.594   -1.0
0.399 0.103 0.546 0.848   -1.0
0.733 0.477 0.369 0.800   1.0
0.974 0.174 0.175 0.711   -1.0*
0.647 0.586 0.354 0.332   -1.0
0.812 0.612 0.947 0.339   1.0
0.568 0.475 0.627 0.987   1.0
0.410 0.542 0.419 0.804   1.0
0.793 0.488 0.029 0.958   1.0
0.774 0.393 0.307 0.025   -1.0
0.468 0.360 0.886 0.477   1.0
0.649 0.506 0.655 0.245   1.0
0.621 0.443 0.395 0.496   -1.0
0.958 0.951 0.033 0.442   1.0
0.260 0.887 0.665 0.841   1.0
0.696 0.995 0.728 0.080   1.0
0.513 0.084 0.737 0.035   -1.0
0.745 0.061 0.566 0.457   -1.0
0.771 0.791 0.623 0.024   1.0
0.104 0.008 0.201 0.461   1.0*
0.491 0.153 0.898 0.349   -1.0
0.969 0.633 0.416 0.309   1.0
0.461 0.506 0.510 0.109   -1.0
0.168 0.123 0.430 0.544   -1.0
0.457 0.416 0.650 0.393   1.0*
0.708 0.485 0.481 0.762   1.0
0.987 0.099 0.502 0.947   1.0
0.748 0.182 0.148 0.863   -1.0
0.877 0.242 0.096 0.737   -1.0
0.386 0.157 0.211 0.752   -1.0
0.360 0.436 0.825 0.892   1.0
0.218 0.541 0.326 0.864   -1.0
0.815 0.115 0.249 0.448   -1.0
0.965 0.452 0.619 0.465   1.0
0.838 0.110 0.082 0.460   -1.0
0.603 0.808 0.607 0.745   1.0
0.733 0.871 0.450 0.456   1.0
0.521 0.842 0.695 0.228   1.0
0.223 0.184 0.182 0.171   -1.0
0.413 0.453 0.075 0.253   -1.0
0.948 0.934 0.783 0.944   1.0
0.977 0.394 0.238 0.136   -1.0
0.721 0.242 0.272 0.363   -1.0
0.215 0.220 0.661 0.610   -1.0
0.175 0.337 0.135 0.781   -1.0
0.270 0.384 0.649 0.803   1.0
0.001 0.822 0.593 0.253   -1.0
0.474 0.731 0.950 0.206   1.0
0.030 0.809 0.069 0.541   -1.0
0.746 0.248 0.701 0.165   -1.0
0.638 0.727 0.655 0.044   1.0
0.691 0.196 0.681 0.228   -1.0
0.938 0.702 0.154 0.128   -1.0
0.052 0.024 0.835 0.725   -1.0
0.571 0.269 0.643 0.331   -1.0
0.372 0.628 0.716 0.871   1.0
0.315 0.054 0.919 0.547   -1.0
0.315 0.948 0.005 0.151   -1.0
0.745 0.963 0.452 0.612   1.0
0.857 0.481 0.764 0.306   1.0
0.460 0.550 0.076 0.843   -1.0
0.880 0.354 0.593 0.636   1.0
0.598 0.706 0.270 0.178   -1.0
0.546 0.104 0.635 0.030   -1.0
0.038 0.679 0.187 0.758   -1.0
0.401 0.537 0.449 0.924   1.0
0.528 0.981 0.102 0.149   -1.0
0.544 0.929 0.306 0.791   1.0
0.586 0.862 0.400 0.107   -1.0
0.551 0.740 0.562 0.405   1.0
0.025 0.104 0.152 0.965   -1.0
0.259 0.787 0.593 0.713   1.0
0.927 0.826 0.448 0.437   -1.0*
0.146 0.906 0.413 0.191   -1.0
0.601 0.048 0.465 0.086   -1.0
0.997 0.274 0.686 0.796   1.0
0.905 0.020 0.539 0.973   1.0
0.959 0.373 0.528 0.581   1.0
0.185 0.890 0.731 0.201   1.0
0.063 0.554 0.356 0.440   -1.0
0.354 0.338 0.301 0.405   -1.0
0.997 0.153 0.270 0.804   1.0
0.137 0.386 0.662 0.713   -1.0
0.415 0.525 0.088 0.151   -1.0
0.700 0.940 0.442 0.527   1.0
0.541 0.949 0.398 0.478   1.0
0.539 0.732 0.854 0.798   1.0
0.400 0.737 0.947 0.082   1.0
0.101 0.452 0.287 0.272   -1.0
0.710 0.581 0.423 0.654   1.0
0.915 0.021 0.524 0.801   1.0
0.602 0.982 0.438 0.577   1.0
0.537 0.322 0.825 0.173   -1.0
0.842 0.963 0.297 0.883   1.0
0.041 0.445 0.046 0.265   -1.0
0.327 0.954 0.152 0.350   -1.0
0.755 0.615 0.449 0.776   1.0
0.477 0.299 0.463 0.192   -1.0
0.998 0.755 0.678 0.363   1.0
0.764 0.886 0.476 0.489   1.0
0.467 0.031 0.034 0.041   -1.0
0.205 0.639 0.792 0.384   1.0
0.124 0.030 0.402 0.024   -1.0
0.357 0.571 0.148 0.906   -1.0
0.726 0.423 0.502 0.260   -1.0
0.184 0.470 0.453 0.571   -1.0
0.030 0.265 0.257 0.527   -1.0
0.407 0.683 0.941 0.420   1.0
0.861 0.598 0.540 0.525   1.0
0.588 0.481 0.234 0.331   -1.0
0.315 0.833 0.108 0.848   1.0
0.440 0.779 0.254 0.104   1.0*
0.898 0.688 0.633 0.272   1.0
0.785 0.170 0.343 0.419   -1.0
0.166 0.325 0.223 0.542   -1.0
0.381 0.923 0.892 0.073   1.0
0.866 0.854 0.046 0.942   1.0
0.507 0.446 0.239 0.415   -1.0
0.472 0.829 0.584 0.433   1.0
0.053 0.303 0.815 0.352   -1.0
0.890 0.633 0.934 0.282   1.0
0.811 0.877 0.500 0.231   1.0
0.622 0.151 0.334 0.909   1.0
0.037 0.777 0.147 0.996   -1.0
0.486 0.679 0.226 0.317   -1.0
0.100 0.748 0.280 0.877   1.0
0.648 0.034 0.257 0.084   -1.0
0.428 0.734 0.204 0.102   -1.0
0.955 0.204 0.442 0.534   1.0
0.994 0.583 0.370 0.391   1.0
0.849 0.880 0.720 0.630   1.0
0.511 0.183 0.851 0.885   1.0
0.291 0.883 0.092 0.294   -1.0
0.321 0.282 0.410 0.341   -1.0
0.580 0.039 0.951 0.536   1.0
0.897 0.485 0.948 0.460   -1.0*
0.500 0.513 0.825 0.018   -1.0
0.024 0.536 0.265 0.811   -1.0
0.335 0.161 0.092 0.595   -1.0
0.137 0.614 0.168 0.504   -1.0
0.747 0.209 0.978 0.168   1.0
0.252 0.674 0.113 0.266   -1.0
0.801 0.671 0.908 0.891   1.0
0.365 0.376 0.985 0.428   1.0
0.229 0.406 0.677 0.564   1.0*
0.426 0.598 0.270 0.209   -1.0
0.029 0.881 0.573 0.074   -1.0
0.980 0.473 0.093 0.243   -1.0
0.177 0.465 0.156 0.051   -1.0
0.552 0.959 0.274 0.036   -1.0
0.379 0.777 0.434 0.689   1.0
0.910 0.836 0.044 0.762   1.0
0.913 0.152 0.443 0.071   -1.0
0.568 0.238 0.280 0.996   1.0
0.396 0.012 0.157 0.360   -1.0
0.495 0.114 0.398 0.290   -1.0
0.337 0.774 0.073 0.151   -1.0
0.014 0.881 0.276 0.658   -1.0
0.279 0.135 0.169 0.096   -1.0
0.501 0.741 0.145 0.469   -1.0
0.784 0.259 0.977 0.849   1.0
0.784 0.144 0.162 0.799   -1.0
0.089 0.585 0.790 0.509   -1.0
0.316 0.483 0.698 0.431   -1.0
0.628 0.953 0.216 0.186   -1.0
0.265 0.816 0.224 0.103   -1.0
0.355 0.489 0.977 0.220   1.0
0.849 0.866 0.231 0.910   -1.0*
0.557 0.419 0.707 0.094   -1.0
0.631 0.458 0.034 0.605   -1.0
0.249 0.784 0.074 0.231   -1.0
0.164 0.394 0.640 0.478   -1.0
0.924 0.021 0.597 0.918   1.0
0.576 0.328 0.294 0.255   -1.0
0.958 0.708 0.473 0.557   1.0
0.381 0.970 0.920 0.547   1.0
0.070 0.571 0.445 0.488   -1.0
0.269 0.644 0.682 0.531   1.0
0.436 0.174 0.605 0.885   1.0
0.881 0.415 0.222 0.318   -1.0
0.034 0.824 0.869 0.813   1.0
0.808 0.340 0.202 0.498   -1.0
0.178 0.075 0.158 0.552   -1.0
0.333 0.501 0.387 0.300   -1.0
0.558 0.094 0.808 0.915   1.0
0.962 0.974 0.091 0.218   1.0
0.174 0.043 0.926 0.613   -1.0
0.592 0.395 0.231 0.590   -1.0
0.781 0.789 0.064 0.828   1.0
0.474 0.938 0.805 0.923   1.0
0.705 0.692 0.199 0.292   -1.0
0.977 0.930 0.362 0.539   1.0
0.545 0.123 0.271 0.316   -1.0
0.710 0.640 0.109 0.851   1.0
0.129 0.879 0.108 0.590   -1.0
0.989 0.604 0.813 0.986   1.0
0.706 0.808 0.956 0.316   1.0
0.936 0.795 0.822 0.157   1.0
0.321 0.018 0.814 0.327   -1.0
0.967 0.708 0.267 0.697   1.0
0.364 0.991 0.841 0.657   1.0
0.002 0.497 0.226 0.801   -1.0
0.913 0.966 0.962 0.410   1.0
0.743 0.504 0.164 0.176   -1.0
0.408 0.232 0.048 0.068   -1.0
0.716 0.222 0.683 0.821   -1.0*
0.008 0.529 0.299 0.603   -1.0
0.809 0.844 0.462 0.505   -1.0*
0.302 0.792 0.359 0.029   1.0*
0.691 0.420 0.490 0.899   1.0
0.503 0.105 0.866 0.579   1.0
0.036 0.144 0.343 0.358   -1.0
0.493 0.012 0.188 0.469   -1.0
0.940 0.845 0.500 0.616   1.0
0.692 0.503 0.668 0.535   1.0
0.465 0.119 0.629 0.860   1.0
0.370 0.078 0.425 0.870   -1.0
0.004 0.296 0.540 0.327   -1.0
0.298 0.465 0.225 0.155   -1.0
0.224 0.180 0.216 0.435   -1.0
0.161 0.942 0.804 0.784   1.0
0.903 0.904 0.164 0.024   -1.0
0.600 0.930 0.923 0.198   1.0
0.070 0.912 0.275 0.309   1.0*
0.695 0.673 0.950 0.311   1.0
0.669 0.638 0.765 0.138   1.0
0.791 0.555 0.551 0.495   -1.0*
0.622 0.518 0.525 0.816   1.0
0.411 0.045 0.769 0.566   -1.0
0.765 0.180 0.573 0.644   1.0
0.253 0.547 0.951 0.637   1.0
0.782 0.659 0.358 0.167   -1.0
0.543 0.612 0.330 0.652   1.0
0.164 0.821 0.590 0.404   -1.0
0.873 0.317 0.172 0.134   -1.0
0.411 0.582 0.074 0.841   -1.0
0.873 0.075 0.891 0.196   1.0
0.360 0.545 0.971 0.147   1.0
0.080 0.998 0.041 0.319   -1.0
0.753 0.937 0.045 0.249   -1.0
0.961 0.210 0.247 0.956   1.0
0.104 0.945 0.889 0.981   1.0
0.754 0.355 0.562 0.794   1.0
0.677 0.213 0.048 0.832   -1.0
0.266 0.143 0.023 0.541   -1.0
0.143 0.138 0.428 0.860   -1.0
0.651 0.121 0.031 0.688   -1.0
0.230 0.168 0.588 0.241   -1.0
0.048 0.253 0.099 0.775   -1.0
0.739 0.327 0.515 0.903   1.0
0.519 0.281 0.300 0.508   -1.0
0.570 0.187 0.456 0.769   -1.0
0.480 0.477 0.803 0.735   1.0
0.254 0.168 0.436 0.971   -1.0
0.545 0.354 0.073 0.867   1.0*
0.775 0.953 0.331 0.679   1.0
0.849 0.314 0.043 0.995   1.0
0.584 0.609 0.963 0.408   1.0
0.300 0.183 0.651 0.875   1.0
0.588 0.356 0.694 0.590   1.0
0.281 0.294 0.018 0.097   1.0*
0.712 0.336 0.627 0.363   1.0
0.836 0.277 0.033 0.464   -1.0
0.611 0.027 0.835 0.573   1.0
0.873 0.197 0.679 0.809   1.0
0.176 0.502 0.157 0.577   -1.0
0.081 0.230 0.774 0.440   -1.0
0.987 0.422 0.239 0.119   -1.0
0.647 0.810 0.589 0.159   1.0
0.726 0.887 0.629 0.068   1.0
0.208 0.263 0.509 0.525   -1.0
0.099 0.844 0.133 0.635   -1.0
0.240 0.496 0.343 0.818   -1.0
0.949 0.144 0.354 0.602   1.0
0.117 0.389 0.551 0.198   -1.0
0.319 0.330 0.465 0.614   -1.0
0.721 0.363 0.190 0.831   1.0
0.144 0.289 0.029 0.355   -1.0
0.691 0.271 0.471 0.588   -1.0*
0.334 0.783 0.112 0.149   -1.0
0.451 0.297 0.039 0.249   1.0*
0.239 0.092 0.187 0.688   -1.0
0.991 0.273 0.049 0.221   -1.0
0.089 0.286 0.583 0.943   -1.0
0.394 0.673 0.480 0.682   1.0
0.012 0.527 0.480 0.428   -1.0
0.028 0.753 0.537 0.885   1.0
0.866 0.976 0.012 0.458   -1.0*
0.778 0.985 0.988 0.305   1.0
0.414 0.932 0.821 0.565   1.0
0.288 0.120 0.597 0.414   -1.0
0.541 0.404 0.710 0.387   1.0
0.514 0.216 0.971 0.354   1.0
0.270 0.037 0.917 0.767   -1.0
0.657 0.690 0.863 0.652   1.0
0.548 0.773 0.061 0.075   -1.0
0.289 0.191 0.802 0.638   -1.0
0.129 0.521 0.235 0.635   -1.0
0.895 0.880 0.497 0.394   1.0
0.571 0.975 0.057 0.065   -1.0
0.717 0.730 0.513 0.096   1.0
0.566 0.250 0.908 0.079   -1.0
0.332 0.750 0.667 0.573   1.0
0.512 0.817 0.223 0.423   -1.0
0.488 0.856 0.285 0.945   -1.0*
0.699 0.849 0.640 0.745   1.0
0.927 0.449 0.352 0.490   1.0
0.756 0.358 0.248 0.984   1.0
0.883 0.846 0.410 0.423   1.0
0.202 0.772 0.124 0.884   -1.0
0.355 0.576 0.368 0.345   -1.0
0.262 0.753 0.078 0.199   -1.0
0.590 0.423 0.863 0.693   1.0
0.611 0.524 0.008 0.576   -1.0
0.276 0.007 0.029 0.877   -1.0
0.521 0.506 0.762 0.714   1.0
0.218 0.837 0.157 0.902   1.0
0.192 0.183 0.941 0.718   1.0
0.442 0.195 0.358 0.371   -1.0
0.900 0.562 0.831 0.360   -1.0*
0.408 0.154 0.628 0.964   1.0
0.148 0.891 0.733 0.667   -1.0*
0.793 0.498 0.234 0.829   1.0
0.419 0.106 0.495 0.690   -1.0
0.963 0.501 0.803 0.061   1.0
0.462 0.461 0.156 0.968   1.0
0.213 0.551 0.399 0.576   -1.0
0.472 0.516 0.433 0.739   1.0
0.881 0.571 0.019 0.430   -1.0
0.142 0.764 0.418 0.054   -1.0
0.081 0.222 0.724 0.093   -1.0
0.544 0.347 0.458 0.140   -1.0
0.725 0.162 0.938 0.428   1.0
0.161 0.038 0.843 0.330   -1.0
0.299 0.171 0.639 0.346   -1.0
0.440 0.761 0.842 0.281   -1.0*
0.210 0.022 0.121 0.448   -1.0
0.858 0.797 0.786 0.548   1.0
0.925 0.562 0.138 0.401   1.0
0.065 0.320 0.586 0.630   -1.0
0.432 0.801 0.312 0.684   1.0
0.105 0.471 0.318 0.886   -1.0
0.090 0.942 0.259 0.600   -1.0
0.283 0.524 0.399 0.907   1.0
0.635 0.372 0.592 0.288   -1.0
0.992 0.463 0.709 0.621   1.0
0.343 0.829 0.452 0.090   -1.0
0.888 0.033 0.687 0.245   -1.0
0.921 0.311 0.064 0.957   1.0
0.342 0.744 0.241 0.817   1.0
0.089 0.029 0.738 0.973   -1.0
0.216 0.944 0.329 0.004   -1.0
0.824 0.822 0.211 0.473   1.0
0.804 0.676 0.378 0.931   -1.0*
0.260 0.235 0.063 0.864   -1.0
0.437 0.059 0.503 0.389   -1.0
0.135 0.873 0.595 0.225   -1.0
0.844 0.194 0.838 0.732   1.0
0.904 0.906 0.756 0.142   1.0
0.040 0.530 0.375 0.536   -1.0
0.897 0.846 0.055 0.257   1.0
0.371 0.023 0.579 0.464   -1.0
0.810 0.992 0.497 0.668   1.0
0.568 0.801 0.903 0.209   1.0
0.967 0.459 0.049 0.855   1.0
0.323 0.064 0.248 0.625   -1.0
0.864 0.514 0.704 0.259   1.0
0.112 0.242 0.550 0.781   -1.0
0.067 0.261 0.303 0.221   -1.0
0.962 0.631 0.108 0.304   1.0
0.261 0.534 0.737 0.693   1.0
0.604 0.391 0.198 0.644   -1.0
0.707 0.466 0.429 0.260   -1.0
0.174 0.674 0.995 0.456   1.0
0.252 0.554 0.836 0.524   1.0
0.446 0.201 0.015 0.700   -1.0
0.911 0.419 0.656 0.998   1.0
0.551 0.654 0.306 0.029   -1.0
0.566 0.865 0.186 0.504   1.0
0.493 0.207 0.587 0.107   -1.0
0.129 0.466 0.338 0.689   -1.0
0.539 0.226 0.587 0.361   -1.0
0.173 0.887 0.033 0.871   -1.0
0.934 0.016 0.082 0.918   -1.0
0.264 0.519 0.393 0.116   -1.0
0.435 0.384 0.716 0.729   1.0
0.540 0.028 0.242 0.299   -1.0
0.094 0.019 0.719 0.781   -1.0
0.198 0.085 0.336 0.132   -1.0
0.501 0.228 0.239 0.483   -1.0
0.039 0.079 0.203 0.788   -1.0
0.692 0.746 0.346 0.344   1.0
0.741 0.053 0.043 0.973   -1.0
0.997 0.996 0.873 0.650   1.0
0.659 0.709 0.511 0.278   1.0
0.587 0.757 0.384 0.544   1.0
0.400 0.009 0.933 0.360   -1.0
0.396 0.545 0.719 0.427   1.0
0.684 0.053 0.295 0.257   -1.0
0.537 0.480 0.937 0.405   1.0
0.876 0.370 0.689 0.938   1.0
0.578 0.902 0.209 0.464   1.0
0.487 0.955 0.636 0.159   1.0
0.012 0.906 0.334 0.525   -1.0
0.700 0.111 0.204 0.079   -1.0
0.261 0.074 0.321 0.344   -1.0
0.101 0.878 0.948 0.822   1.0
0.581 0.541 0.899 0.908   1.0
0.899 0.368 0.890 0.567   1.0
0.486 0.748 0.092 0.166   -1.0
0.725 0.024 0.755 0.796   1.0
0.920 0.526 0.219 0.275   -1.0
0.125 0.704 0.020 0.221   -1.0
0.395 0.049 0.965 0.639   1.0
0.808 0.682 0.756 0.776   1.0
0.953 0.326 0.695 0.535   1.0
0.124 0.310 0.237 0.957   -1.0
0.122 0.020 0.987 0.590   -1.0
0.890 0.355 0.583 0.940   1.0
0.169 0.898 0.658 0.567   1.0
0.971 0.925 0.918 0.352   1.0
0.051 0.959 0.415 0.299   -1.0
0.832 0.679 0.169 0.483   1.0
0.650 0.752 0.833 0.949   1.0
0.972 0.765 0.522 0.214   1.0
0.236 0.288 0.734 0.555   -1.0
0.612 0.670 0.119 0.116   1.0*
0.827 0.790 0.426 0.827   1.0
0.632 0.231 0.587 0.207   -1.0
0.257 0.105 0.633 0.855   -1.0
0.326 0.339 0.005 0.817   -1.0
0.508 0.350 0.623 0.537   1.0
0.613 0.678 0.544 0.053   -1.0
0.302 0.067 0.968 0.635   -1.0
0.563 0.192 0.976 0.624   1.0
0.208 0.353 0.775 0.180   -1.0
0.061 0.036 0.982 0.349   -1.0
0.750 0.774 0.244 0.960   1.0
0.805 0.664 0.600 0.727   1.0
0.299 0.961 0.056 0.770   1.0
0.239 0.555 0.536 0.521   -1.0
0.028 0.303 0.646 0.553   -1.0
0.007 0.995 0.341 0.672   1.0
0.035 0.644 0.872 0.130   -1.0
0.849 0.459 0.058 0.957   1.0
0.049 0.041 0.142 0.598   -1.0
0.012 0.606 0.576 0.930   1.0
0.956 0.077 0.805 0.194   1.0
0.957 0.787 0.209 0.843   1.0
0.979 0.491 0.712 0.199   1.0
0.972 0.478 0.558 0.630   1.0
0.724 0.763 0.367 0.856   1.0
0.934 0.207 0.142 0.734   1.0
0.643 0.191 0.205 0.917   -1.0
0.403 0.595 0.235 0.728   -1.0
0.915 0.791 0.356 0.041   1.0
0.306 0.083 0.434 0.395   -1.0
0.334 0.410 0.881 0.279   -1.0
0.058 0.958 0.330 0.403   -1.0
0.792 0.631 0.083 0.140   -1.0
0.932 0.573 0.912 0.942   1.0
0.310 0.775 0.148 0.683   -1.0
0.261 0.207 0.579 0.947   -1.0
0.596 0.384 0.262 0.470   -1.0
0.406 0.043 0.540 0.804   -1.0
0.765 0.487 0.547 0.580   1.0
0.857 0.397 0.555 0.943   1.0
0.394 0.379 0.834 0.920   1.0
0.096 0.574 0.016 0.563   -1.0
0.553 0.280 0.493 0.365   -1.0
0.438 0.940 0.954 0.006   1.0
0.994 0.531 0.521 0.428   1.0
0.724 0.849 0.241 0.167   -1.0
0.440 0.784 0.823 0.865   1.0
0.004 0.251 0.782 0.872   -1.0
0.984 0.369 0.367 0.462   1.0
0.894 0.197 0.309 0.584   -1.0
0.173 0.436 0.668 0.840   1.0
0.711 0.134 0.319 0.108   -1.0
0.405 0.130 0.080 0.139   -1.0
0.470 0.076 0.185 0.401   -1.0
0.150 0.615 0.694 0.397   -1.0
0.858 0.436 0.292 0.238   -1.0
0.100 0.838 0.425 0.163   -1.0
0.219 0.779 0.715 0.409   1.0
0.957 0.136 0.228 0.728   1.0
0.779 0.997 0.143 0.553   1.0
0.271 0.762 0.466 0.216   -1.0
0.616 0.639 0.132 0.715   1.0
0.570 0.780 0.311 0.077   -1.0
0.795 0.432 0.810 0.395   1.0
0.270 0.169 0.941 0.976   1.0
0.222 0.517 0.716 0.390   -1.0
0.494 0.992 0.205 0.342   1.0
0.869 0.772 0.923 0.186   1.0
0.156 0.773 0.536 0.403   -1.0
0.542 0.858 0.754 0.208   1.0
0.627 0.431 0.391 0.217   -1.0
0.140 0.502 0.827 0.003   -1.0
0.053 0.785 0.356 0.462   -1.0
0.767 0.089 0.467 0.490   -1.0
0.117 0.506 0.578 0.281   -1.0
0.978 0.018 0.327 0.956   1.0
0.840 0.980 0.360 0.934   1.0
0.304 0.647 0.059 0.592   -1.0
0.014 0.560 0.763 0.938   1.0
0.717 0.043 0.569 0.164   -1.0
0.196 0.668 0.056 0.464   -1.0
0.511 0.412 0.532 0.069   -1.0
0.972 0.873 0.873 0.626   1.0
0.736 0.023 0.966 0.613   1.0
0.546 0.002 0.221 0.523   -1.0
0.528 0.834 0.445 0.038   -1.0
0.813 0.112 0.019 0.181   -1.0
0.021 0.053 0.569 0.668   -1.0
0.920 0.503 0.941 0.409   1.0
0.618 0.522 0.248 0.790   1.0
0.204 0.409 0.885 0.780   1.0
0.893 0.337 0.788 0.522   1.0
0.283 0.221 0.746 0.978   1.0
0.931 0.599 0.372 0.151   1.0
0.251 0.720 0.304 0.359   -1.0
0.023 0.736 0.880 0.376   1.0
0.330 0.448 0.118 0.233   -1.0
0.082 0.574 0.713 0.660   1.0
0.278 0.599 0.524 0.920   1.0
0.432 0.432 0.095 0.605   -1.0
0.321 0.360 0.163 0.440   -1.0
0.465 0.043 0.669 0.065   -1.0
0.579 0.075 0.225 0.623   -1.0
0.593 0.220 0.904 0.724   1.0
0.949 0.530 0.715 0.932   1.0
0.692 0.975 0.400 0.185   1.0
0.419 0.770 0.790 0.083   1.0
0.312 0.490 0.193 0.405   -1.0
0.791 0.691 0.672 0.242   1.0
0.086 0.880 0.450 0.667   1.0
0.074 0.909 0.887 0.759   1.0
0.551 0.404 0.853 0.351   1.0
0.380 0.664 0.821 0.739   1.0
0.609 0.634 0.395 0.659   1.0
0.179 0.399 0.869 0.869   1.0
0.824 0.310 0.655 0.283   1.0
0.403 0.867 0.957 0.403   1.0
0.151 0.248 0.675 0.946   1.0
0.173 0.610 0.050 0.704   -1.0
0.346 0.933 0.826 0.853   1.0
0.090 0.294 0.557 0.922   -1.0
0.576 0.345 0.261 0.570   -1.0
0.125 0.034 0.358 0.777   -1.0
0.583 0.346 0.221 0.729   -1.0
0.296 0.381 0.810 0.737   1.0
0.434 0.657 0.319 0.464   -1.0
0.718 0.461 0.421 0.693   1.0
0.352 0.295 0.517 0.663   -1.0
0.322 0.668 0.263 0.214   -1.0
0.747 0.288 0.523 0.140   -1.0
0.662 0.844 0.608 0.159   1.0
0.143 0.864 0.313 0.805   1.0
0.010 0.647 0.886 0.592   1.0
0.772 0.053 0.175 0.954   -1.0
0.344 0.500 0.054 0.029   -1.0
0.799 0.045 0.552 0.053   -1.0
0.126 0.728 0.818 0.859   1.0
0.147 0.658 0.786 0.981   1.0
0.967 0.799 0.202 0.803   1.0
0.232 0.228 0.183 0.713   -1.0
0.585 0.704 0.585 0.217   1.0
0.334 0.008 0.281 0.041   -1.0
0.978 0.013 0.895 0.475   -1.0*
0.317 0.149 0.440 0.263   -1.0
0.525 0.634 0.078 0.292   1.0*
0.752 0.421 0.472 0.884   1.0
0.060 0.466 0.549 0.142   -1.0
0.619 0.314 0.681 0.485   1.0
0.784 0.553 0.050 0.744   1.0
0.518 0.037 0.969 0.094   -1.0
0.469 0.646 0.436 0.277   -1.0
0.119 0.459 0.158 0.759   -1.0
0.795 0.904 0.444 0.435   1.0
0.197 0.191 0.178 0.724   -1.0
0.996 0.438 0.609 0.081   1.0
0.595 0.040 0.651 0.798   1.0
0.437 0.110 0.301 0.807   -1.0
0.468 0.041 0.540 0.195   -1.0
0.342 0.138 0.503 0.804   -1.0
0.798 0.313 0.357 0.604   1.0
0.877 0.185 0.555 0.630   1.0
0.109 0.233 0.673 0.501   -1.0
0.178 0.385 0.739 0.460   -1.0
0.097 0.027 0.947 0.920   -1.0
0.918 0.791 0.486 0.777   1.0
0.218 0.872 0.569 0.237   -1.0
0.677 0.693 0.166 0.823   1.0
0.751 0.252 0.195 0.971   1.0
0.912 0.650 0.102 0.181   -1.0
0.061 0.596 0.505 0.495   -1.0
0.800 0.725 0.667 0.132   1.0
0.437 0.388 0.082 0.771   -1.0
0.739 0.717 0.261 0.626   1.0
0.466 0.025 0.825 0.147   -1.0
0.111 0.962 0.770 0.389   1.0
0.234 0.874 0.793 0.766   1.0
0.905 0.015 0.771 0.537   1.0
0.158 0.363 0.241 0.555   1.0*
0.414 0.933 0.586 0.672   1.0
0.671 0.635 0.494 0.117   -1.0
0.277 0.546 0.295 0.416   -1.0
0.960 0.452 0.826 0.236   1.0
0.972 0.658 0.104 0.365   -1.0*
0.036 0.799 0.317 0.381   -1.0
0.501 0.182 0.306 0.089   -1.0
0.240 0.031 0.331 0.508   -1.0
0.621 0.458 0.384 0.708   1.0
0.582 0.712 0.442 0.887   1.0
0.616 0.933 0.896 0.411   1.0
0.529 0.509 0.013 0.667   -1.0
0.526 0.794 0.675 0.572   -1.0*
0.780 0.777 0.689 0.579   1.0
0.906 0.514 0.706 0.597   1.0
0.716 0.015 0.596 0.693   1.0
0.888 0.281 0.983 0.878   1.0
0.299 0.162 0.527 0.614   -1.0
0.525 0.607 0.769 0.818   1.0
0.716 0.016 0.552 0.057   -1.0
0.362 0.549 0.129 0.549   -1.0
0.845 0.900 0.910 0.492   1.0
0.914 0.724 0.538 0.240   1.0
0.023 0.277 0.340 0.622   -1.0
0.488 0.087 0.820 0.413   -1.0
0.532 0.405 0.833 0.000   -1.0
0.553 0.082 0.890 0.145   -1.0
0.057 0.453 0.760 0.198   -1.0
0.892 0.750 0.777 0.957   -1.0*
0.926 0.956 0.028 0.753   -1.0*
0.071 0.396 0.377 0.294   -1.0
0.705 0.081 0.090 0.765   -1.0
0.567 0.064 0.436 0.343   -1.0
0.436 0.152 0.700 0.609   -1.0
0.251 0.989 0.514 0.195   -1.0
0.968 0.274 0.151 0.903   1.0
0.982 0.994 0.262 0.592   1.0
0.197 0.901 0.711 0.748   1.0
0.958 0.133 0.377 0.428   -1.0
0.119 0.870 0.958 0.460   1.0
0.336 0.335 0.207 0.331   -1.0
0.099 0.940 0.116 0.683   -1.0
0.522 0.030 0.302 0.677   -1.0
0.271 0.349 0.119 0.983   -1.0
0.704 0.378 0.341 0.032   -1.0
0.126 0.455 0.459 0.997   1.0
0.605 0.322 0.958 0.637   1.0
0.773 0.270 0.631 0.950   1.0
0.386 0.003 0.186 0.125   -1.0
0.656 0.791 0.738 0.082   1.0
0.091 0.563 0.576 0.444   -1.0
0.333 0.532 0.235 0.338   -1.0
0.217 0.866 0.793 0.908   1.0
0.887 0.825 0.435 0.657   1.0
0.021 0.531 0.624 0.786   -1.0
0.276 0.221 0.982 0.541   -1.0*
0.133 0.828 0.078 0.648   -1.0
0.027 0.996 0.536 0.355   -1.0
0.106 0.808 0.696 0.355   -1.0
0.840 0.348 0.171 0.188   -1.0
0.771 0.280 0.460 0.795   1.0
0.422 0.554 0.922 0.150   1.0
0.858 0.526 0.905 0.788   1.0
0.924 0.229 0.310 0.886   1.0
0.379 0.531 0.336 0.696   -1.0
0.278 0.030 0.063 0.923   -1.0
0.857 0.678 0.565 0.765   1.0
0.188 0.816 0.256 0.412   -1.0
0.832 0.907 0.403 0.734   1.0
0.110 0.492 0.403 0.918   -1.0
0.195 0.919 0.424 0.407   -1.0
0.907 0.744 0.202 0.398   1.0
0.008 0.716 0.386 0.279   -1.0
0.613 0.582 0.349 0.405   -1.0
0.626 0.239 0.258 0.640   -1.0
0.504 0.383 0.647 0.028   -1.0
0.341 0.743 0.186 0.377   -1.0
0.070 0.895 0.271 0.301   -1.0
0.447 0.436 0.084 0.681   -1.0
0.140 0.668 0.023 0.786   -1.0
0.798 0.422 0.974 0.571   -1.0*
0.986 0.716 0.420 0.052   1.0
0.658 0.787 0.779 0.292   1.0
0.293 0.998 0.130 0.786   1.0
0.090 0.352 0.290 0.755   -1.0
0.087 0.647 0.161 0.542   -1.0
0.403 0.812 0.393 0.974   1.0
0.719 0.979 0.028 0.711   1.0
0.369 0.300 0.637 0.494   -1.0
0.339 0.160 0.445 0.319   -1.0
0.261 0.560 0.932 0.743   1.0
0.702 0.296 0.551 0.893   1.0
0.227 0.359 0.646 0.673   -1.0
0.161 0.607 0.904 0.916   1.0
0.382 0.307 0.894 0.652   1.0
0.005 0.489 0.099 0.572   -1.0
0.242 0.411 0.303 0.928   -1.0
0.464 0.712 0.501 0.551   1.0
0.027 0.069 0.333 0.714   -1.0
0.420 0.921 0.860 0.858   1.0
0.884 0.557 0.296 0.728   1.0
0.688 0.083 0.112 0.981   -1.0
0.522 0.857 0.743 0.383   1.0
0.331 0.719 0.113 0.422   -1.0
0.036 0.656 0.009 0.539   -1.0
0.493 0.775 0.974 0.803   1.0
0.179 0.052 0.534 0.240   -1.0
0.194 0.962 0.790 0.469   1.0
0.932 0.651 0.177 0.957   1.0
0.252 0.429 0.384 0.963   1.0
0.189 0.837 0.391 0.062   -1.0
0.334 0.907 0.924 0.996   1.0
0.781 0.821 0.757 0.238   1.0
0.010 0.022 0.571 0.781   -1.0
0.046 0.060 0.280 0.904   -1.0
0.975 0.524 0.160 0.887   1.0
0.859 0.619 0.031 0.105   -1.0
0.060 0.767 0.136 0.252   -1.0
0.511 0.462 0.406 0.366   -1.0
0.908 0.133 0.981 0.872   1.0
0.360 0.260 0.478 0.265   -1.0
0.793 0.176 0.971 0.909   1.0
0.659 0.661 0.885 0.703   1.0
0.688 0.415 0.796 0.869   1.0
0.773 0.701 0.443 0.518   1.0
0.985 0.837 0.063 0.038   -1.0
0.039 0.800 0.414 0.924   1.0
0.792 0.577 0.564 0.761   1.0
0.078 0.188 0.136 0.890   -1.0
0.170 0.921 0.091 0.516   -1.0
0.473 0.272 0.737 0.539   1.0
0.624 0.965 0.086 0.118   -1.0
0.535 0.009 0.996 0.664   1.0
0.249 0.965 0.216 0.059   -1.0
0.532 0.420 0.162 0.121   1.0*
0.776 0.893 0.648 0.914   1.0
0.351 0.614 0.945 0.751   1.0
0.015 0.941 0.981 0.159   -1.0*
0.216 0.621 0.930 0.324   -1.0*
0.463 0.970 0.151 0.753   1.0
0.007 0.770 0.563 0.277   -1.0
0.718 0.167 0.712 0.487   1.0
0.868 0.664 0.713 0.523   1.0
0.527 0.718 0.392 0.655   1.0
0.521 0.886 0.723 0.810   1.0
0.356 0.075 0.344 0.059   -1.0
0.862 0.822 0.013 0.728   1.0
0.917 0.751 0.652 0.909   1.0
0.435 0.186 0.711 0.127   -1.0
0.829 0.367 0.064 0.924   1.0
0.079 0.534 0.759 0.930   1.0
0.055 0.297 0.251 0.046   -1.0
0.801 0.870 0.360 0.931   1.0
0.617 0.605 0.683 0.671   1.0
0.726 0.086 0.870 0.536   1.0
0.998 0.352 0.212 0.456   -1.0*
0.953 0.926 0.239 0.414   1.0
0.144 0.745 0.141 0.536   -1.0
0.507 0.220 0.067 0.048   -1.0
0.788 0.239 0.714 0.668   1.0
0.340 0.752 0.416 0.092   -1.0
0.477 0.666 0.063 0.374   -1.0
0.691 0.054 0.727 0.639   1.0
0.914 0.855 0.465 0.851   1.0
0.209 0.235 0.837 0.790   1.0
0.521 0.211 0.747 0.305   -1.0
0.098 0.240 0.042 0.792   -1.0
0.281 0.395 0.669 0.534   -1.0
0.412 0.457 0.845 0.215   -1.0
0.363 0.781 0.515 0.285   -1.0
0.551 0.750 0.279 0.645   1.0
0.590 0.820 0.736 0.109   1.0
0.122 0.672 0.874 0.997   1.0
0.920 0.003 0.828 0.409   1.0
0.803 0.209 0.418 0.211   1.0*
0.551 0.863 0.391 0.122   -1.0
0.738 0.710 0.845 0.621   1.0
0.559 0.520 0.050 0.206   -1.0
0.488 0.167 0.943 0.120   -1.0
0.810 0.850 0.340 0.900   1.0
0.759 0.478 0.304 0.145   -1.0
0.824 0.410 0.307 0.726   1.0
0.119 0.235 0.076 0.041   -1.0
0.029 0.115 0.152 0.536   -1.0
0.919 0.702 0.824 0.118   1.0
0.948 0.288 0.303 0.685   1.0
0.666 0.472 0.236 0.448   -1.0
0.988 0.288 0.507 0.771   1.0
0.340 0.562 0.704 0.601   1.0
0.292 0.615 0.539 0.461   -1.0
0.746 0.941 0.987 0.876   1.0
0.148 0.253 0.466 0.793   -1.0
0.012 0.398 0.504 0.699   -1.0
0.373 0.232 0.806 0.211   -1.0
0.955 0.838 0.284 0.324   1.0
0.561 0.028 0.933 0.496   1.0
0.365 0.113 0.434 0.508   -1.0
0.636 0.674 0.392 0.901   1.0
0.374 0.102 0.273 0.974   -1.0
0.543 0.386 0.945 0.228   1.0
0.214 0.458 0.141 0.883   -1.0
0.625 0.277 0.880 0.526   1.0
0.780 0.902 0.445 0.863   1.0
0.010 0.458 0.958 0.547   -1.0
0.870 0.837 0.920 0.936   1.0
0.718 0.611 0.958 0.296   1.0
0.594 0.924 0.405 0.680   1.0
0.889 0.135 0.791 0.036   1.0*
0.682 0.792 0.873 0.667   1.0
0.059 0.287 0.154 0.074   -1.0
0.092 0.847 0.066 0.339   -1.0
0.505 0.526 0.363 0.692   1.0
0.805 0.827 0.066 0.642   1.0
0.880 0.640 0.880 0.858   1.0
0.928 0.931 0.515 0.478   1.0
0.355 0.264 0.909 0.927   1.0
0.472 0.730 0.192 0.108   -1.0
0.828 0.350 0.713 0.560   1.0
0.466 0.108 0.362 0.551   -1.0
0.172 0.935 0.799 0.717   1.0
0.540 0.042 0.791 0.473   -1.0
0.492 0.512 0.311 0.895   1.0
0.996 0.489 0.837 0.664   1.0
0.687 0.427 0.645 0.914   1.0
0.611 0.829 0.543 0.533   1.0
0.751 0.188 0.864 0.643   1.0
0.324 0.703 0.418 0.808   1.0
0.991 0.454 0.835 0.275   1.0
0.490 0.428 0.683 0.380   -1.0
0.130 0.990 0.499 0.064   -1.0
0.797 0.949 0.278 0.651   1.0
0.915 0.057 0.151 0.220   -1.0
0.279 0.296 0.046 0.368   -1.0
0.798 0.693 0.532 0.757   1.0
0.281 0.196 0.321 0.543   1.0*
0.313 0.361 0.637 0.858   1.0
0.870 0.652 0.792 0.067   1.0
0.375 0.446 0.988 0.744   1.0
0.121 0.415 0.104 0.891   -1.0
0.684 0.360 0.368 0.317   -1.0
0.134 0.037 0.342 0.597   -1.0
0.203 0.583 0.279 0.046   -1.0
0.622 0.269 0.410 0.554   -1.0
0.005 0.014 0.268 0.895   -1.0
0.577 0.468 0.535 0.255   -1.0
0.237 0.583 0.457 0.550   -1.0
0.081 0.142 0.761 0.429   -1.0
0.213 0.450 0.647 0.084   -1.0
0.750 0.336 0.569 0.841   1.0
0.206 0.195 0.949 0.436   -1.0
0.894 0.940 0.658 0.864   1.0
0.219 0.534 0.609 0.974   1.0
0.191 0.703 0.731 0.583   1.0
0.212 0.281 0.171 0.953   -1.0
0.778 0.552 0.813 0.076   1.0
0.875 0.603 0.980 0.092   1.0
0.183 0.155 0.458 0.072   -1.0
0.412 0.385 0.938 0.821   1.0
0.634 0.386 0.174 0.210   -1.0
0.789 0.631 0.918 0.189   1.0
0.104 0.870 0.764 0.121   -1.0
0.950 0.574 0.067 0.039   -1.0
0.083 0.880 0.009 0.211   -1.0
0.405 0.631 0.868 0.015   -1.0
