   6.34238   10.69067    0.50264   -1.00000
   6.17751    9.57352   -0.51938   -1.00000
  -8.03301   20.99532    3.97974   -1.00000
  -9.47501    9.36220   -0.78649   -1.00000
   6.14933   19.43239   -0.62837   -1.00000
   2.27877   16.53311   -4.63952   -1.00000
  -9.43017   11.22131   -1.94012    1.00000
   4.80621    1.43141    5.24213   -1.00000
  -5.43778   11.87336    6.59002   -1.00000
   5.36529    7.92270    4.45951   -1.00000
   0.68158    0.51258   -4.80519   -1.00000
  -9.46956   18.19322   -0.61195   -1.00000
   5.15361   12.95553    4.78331   -1.00000
   0.54331   17.57285  -11.03141    1.00000
   6.07894   20.82251   12.25134    1.00000
   6.61724   16.61662   -9.53046    1.00000
   5.58439   11.58627   -2.01518   -1.00000
   0.59555    2.67982   14.08231    1.00000
  -8.59339    7.86963   -5.02300    1.00000
   5.97029    0.96494    3.20412   -1.00000
  -4.63017   16.41465   -9.46942    1.00000
  -8.95361    4.95014    2.09347   -1.00000
   5.39919    8.70000   -2.32147   -1.00000
   6.26773   17.70672    2.07858   -1.00000
  -7.87212    6.38452   -6.33104    1.00000
   0.18641    9.85631  -11.01092    1.00000
   2.71443    6.44292   13.67440    1.00000
   1.00413    2.76402   -4.81441   -1.00000
  -2.44187    7.18995  -10.48623    1.00000
  -6.60970    6.98189   -7.89784    1.00000
  -2.64233    2.02680  -10.41728    1.00000
  -9.19420   11.16074    1.29457   -1.00000
  -3.68507   17.73334   -9.98358    1.00000
   5.35671    3.46799   -2.38613   -1.00000
  -2.85754    3.03878    7.69613   -1.00000
  11.79951    1.88141    5.45492    1.00000
  -8.08833   19.54239   -5.98489    1.00000
  -3.50957   14.69031  -10.06581    1.00000
  11.43335    6.85784   -4.27997    1.00000
   4.26129   15.37346  -10.55141    1.00000
  -8.30868    1.17159   -5.59610    1.00000
  -7.04420   10.55167    5.24840   -1.00000
   3.27533   19.20221   13.50786    1.00000
  -4.59858   20.46096   -9.48869    1.00000
  -3.72332   15.70379   -9.96514    1.00000
  -6.29695   18.49091   -8.20254    1.00000
  12.54560   17.97725    2.23036    1.00000
  -8.29977   20.78156   -5.61265    1.00000
   1.78845    9.29283  -11.01229    1.00000
   6.15687   18.79309    2.59768   -1.00000
  -7.74076   13.20776    4.40677   -1.00000
   5.89101    1.76780   -9.91349    1.00000
   4.77363    3.41237   -3.12215   -1.00000
   5.41539    0.16400   -2.29632   -1.00000
  -9.32067    9.86604   -2.71597    1.00000
  -6.70680   19.74833    5.58865   -1.00000
   9.23203    6.81662    9.67833    1.00000
  -2.39715   17.27116    7.79204   -1.00000
  12.60575    2.41002    1.06464    1.00000
   9.49001    7.77626   -7.20765    1.00000
   8.72422    0.55066   -7.98286    1.00000
   5.29325    7.26632   -2.47935   -1.00000
   2.00806    2.46108  -10.99435    1.00000
   5.22386   10.45365   -2.57698   -1.00000
  -8.36497    3.37858   -5.48986    1.00000
   0.49535    7.50007   14.09333    1.00000
   5.14898   17.04430  -10.23981    1.00000
   7.96348   12.60062   -8.62748    1.00000
  -6.45102    0.96787    5.82314   -1.00000
   2.90119   18.78938    6.86647   -1.00000
  -0.83877   17.81821  -10.88641    1.00000
   9.31015   17.23720    9.59103    1.00000
  -0.70758   19.67371  -10.90787    1.00000
  12.54366    3.10575   -0.25291    1.00000
   3.82100   15.36368    6.22412   -1.00000
   4.66697   10.57476   12.97836    1.00000
  11.03622   11.44535    7.13189    1.00000
   1.01438   16.04661   -4.81435   -1.00000
  -7.54467   15.04328   -6.80241    1.00000
   9.65341   11.74126   -7.02243    1.00000
   0.12054   12.00841    7.83768   -1.00000
   1.69871   12.45475    7.43793   -1.00000
   8.30355   13.67957   10.61019    1.00000
   4.04768    2.19621   -3.77230   -1.00000
   4.03938   10.17125    6.03773   -1.00000
   6.32889   12.70631    1.62836   -1.00000
   9.80086   17.57206   -6.84841    1.00000
   2.56003    6.65688  -10.92984    1.00000
   5.00097   14.88346  -10.29755    1.00000
   1.77183   10.85768    7.41041   -1.00000
  -8.55303   13.38382    3.05377   -1.00000
   2.94840   15.09946    6.83838   -1.00000
   0.25341    9.98258    7.81747   -1.00000
   2.16071   18.54518   -4.67010   -1.00000
  10.08198   18.41902    8.63537    1.00000
  -5.87908   19.13572    6.28491   -1.00000
  12.56584    4.42608    2.00257    1.00000
  -7.95635    8.92209    4.09703   -1.00000
   2.09370   17.80598  -10.98617    1.00000
  12.33685   17.19589   -1.58663    1.00000
   2.86995   18.25968  -10.88134    1.00000
   4.00460   15.11698   -3.80416   -1.00000
   4.31649    7.94172   13.12808    1.00000
  -9.23049   11.55861    1.14554   -1.00000
   2.41849    7.78094    7.12773   -1.00000
   5.12945    4.72555   12.76281    1.00000
   3.62734   13.32496   13.38999    1.00000
   5.39353   14.59999    4.41317   -1.00000
  -1.25437   18.88782  -10.80748    1.00000
  -6.24395   19.32077   -8.25168    1.00000
  -0.97735    4.26604  -10.86196    1.00000
  12.03589   17.66106   -2.73566    1.00000
   8.42156   13.64993   -8.25272    1.00000
  -2.42389    0.29101  -10.49220    1.00000
  -8.86453   20.17825    2.33588   -1.00000
  -0.77055    4.53382    7.91362   -1.00000
  -7.68273    7.47760   -6.61061    1.00000
   1.94264    6.98807    7.34271   -1.00000
  -8.99800   14.14821   -3.98738    1.00000
   4.43673   18.92250   -3.45267   -1.00000
  -2.98596    1.83323    7.66437   -1.00000
   6.79562   18.38180   -9.42598    1.00000
  -6.57292   15.21213    5.71374   -1.00000
  11.73291    0.77244    5.63000    1.00000
  11.76960    4.05459    5.53449    1.00000
   4.27807    9.43454   -3.59028   -1.00000
   1.04460    7.95553   14.02397    1.00000
   2.77323   11.15053  -10.89743    1.00000
   4.16112    1.11446  -10.58147    1.00000
  -7.88159    1.94786    4.20764   -1.00000
  -4.33301    1.90988   -9.64471    1.00000
   8.79140    6.03651   10.14345    1.00000
   3.28743    4.82216   -4.24748   -1.00000
   8.58350   17.86672   -8.11066    1.00000
   0.15573   13.24491   -4.74266   -1.00000
  12.48751    6.90869    2.72387    1.00000
   8.06963   20.02825   -8.54404    1.00000
  -6.91928   12.79326   -7.56890    1.00000
  -8.84028   12.75207    2.39841   -1.00000
  10.71908   13.67392   -5.58357    1.00000
  -0.75589   12.98480  -10.90016    1.00000
   3.85339   20.38271    6.19741   -1.00000
  -7.92999    6.86743   -6.24142    1.00000
  -6.57078   16.97584    5.71569   -1.00000
   0.07791   11.57048    7.84366   -1.00000
  10.09833    8.08914   -6.47549    1.00000
   0.37360   20.73172   14.10574    1.00000
  -8.72338    7.14246    2.68234   -1.00000
  12.59053   16.41296    1.62031    1.00000
  -1.26494   17.90069  -10.80525    1.00000
   8.91155   20.78003   -7.80613    1.00000
  12.59471   12.16384    1.52902    1.00000
   6.34780   15.47627    0.57908   -1.00000
   6.35858   16.36405    0.81258   -1.00000
   8.76046    0.76843   10.17448    1.00000
  -0.50149   12.31782    7.90147   -1.00000
  -6.70222   11.19301   -7.80255    1.00000
  10.77363   13.42890    7.59266    1.00000
   5.51293   12.57077    4.20749   -1.00000
   4.21518    9.83045   -3.64197   -1.00000
   2.95855   12.02486   -4.40233   -1.00000
   8.49300    5.58245   10.43449    1.00000
   7.10221   12.19652   11.58313    1.00000
  -1.96481   17.28997    7.85708   -1.00000
  -1.11078   16.94944  -10.83665    1.00000
  10.98501   16.54551   -5.14130    1.00000
  -0.61708   15.77753    7.90782   -1.00000
   6.32142    0.91452    1.69892   -1.00000
   2.16704    0.98508  -10.97863    1.00000
   6.30851   13.93469    1.80662   -1.00000
  12.42937   16.76575    3.10401    1.00000
  10.85610   13.23839   -5.36105    1.00000
   8.44181   20.93835   -8.23524    1.00000
  12.56414    9.97378    2.02366    1.00000
   4.31959   19.77591   -3.55528   -1.00000
  12.36711    1.42285   -1.43894    1.00000
   4.94501   15.47642    5.06811   -1.00000
   0.13328   11.12485   -4.73863   -1.00000
   3.59611   15.92562    6.40117   -1.00000
  -7.72376    4.58859    4.43003   -1.00000
  -2.84376   10.49160  -10.34347    1.00000
   0.44235   12.39817   14.09886    1.00000
  12.53255   12.31041    2.35703    1.00000
  11.86252    7.62182    5.28185    1.00000
  -8.50717   18.15643    3.14673   -1.00000
   6.33341    5.68246    1.58163   -1.00000
  -3.77156   18.57126    7.42076   -1.00000
  11.92993    2.19502    5.08763    1.00000
   4.10462    0.73652    5.97905   -1.00000
  12.49534    8.57919    2.66595    1.00000
  -4.89861   11.39288   -9.29943    1.00000
  12.55234   12.99726   -0.16285    1.00000
   5.69584   14.36710   -1.80782   -1.00000
   4.80019    8.18728    5.24944   -1.00000
   4.95062    7.18323    5.06083   -1.00000
   0.07020    0.95746    7.84472   -1.00000
  -7.48148   20.11828   -6.88714    1.00000
   3.26892    4.85636  -10.80571    1.00000
  -9.12455   15.11370   -3.56869    1.00000
  -5.43907    6.57684   -8.92066    1.00000
  12.01427    1.66272   -2.80382    1.00000
   3.56490   20.05842   -4.09428   -1.00000
   2.97182   20.89580   13.60117    1.00000
   3.58759   14.13439   13.40383    1.00000
   4.98469    9.05551   -2.88369   -1.00000
   3.73893   13.77436   13.35042    1.00000
  12.40373   12.37064    3.25104    1.00000
   2.40196    6.19815   -4.60436   -1.00000
   2.80784   20.93951    6.92065   -1.00000
   9.66832   10.71529   -7.00514    1.00000
  10.68172    7.64716    7.74430    1.00000
  -4.57290   16.63466    7.07897   -1.00000
  -0.02409   12.53363  -10.99336    1.00000
   2.63872   14.46940  -10.91837    1.00000
  -8.61074    5.08041   -4.98484    1.00000
   0.20637    8.47841   -4.75132   -1.00000
   0.57797   14.26870   -4.79759   -1.00000
   3.34135    2.33372   13.48655    1.00000
   5.08631    3.66906   12.78380    1.00000
   5.58352   12.12106    4.07764   -1.00000
   7.10363   16.51049   11.58210    1.00000
  -5.52963   15.76377    6.52986   -1.00000
   5.72711    1.07558    3.79043   -1.00000
  12.60165   17.44662    0.66837    1.00000
  12.55969    3.39349    2.07682    1.00000
   6.55816    6.87804   -9.56413    1.00000
  -1.38678   13.86345    7.90691   -1.00000
   6.34384    5.98478   -9.68246    1.00000
  -8.84733   18.28961   -4.41472    1.00000
   6.56692    8.94186   -9.55917    1.00000
  -5.72554   15.34213    6.39576   -1.00000
   8.11006    4.52305   10.78282    1.00000
  12.58546    5.04928    1.71556    1.00000
   8.05008    2.68989   10.83499    1.00000
   1.83434    1.74232  -11.00890    1.00000
  -7.12150    8.63987   -7.33737    1.00000
   9.41607   20.53858   -7.28898    1.00000
   9.37774    1.48008   -7.33054    1.00000
  12.42942   19.39767   -1.10059    1.00000
   2.63816   17.34627  -10.91845    1.00000
  -9.44150   16.50029   -0.17280   -1.00000
  11.84577   17.16182   -3.29377    1.00000
   8.88998    9.18592   10.04322    1.00000
   9.29246    8.35259   -7.42162    1.00000
  -0.88388    1.49859    7.91599   -1.00000
  -2.95862   13.56848    7.67132   -1.00000
   1.04529    9.91355    7.64702   -1.00000
  -6.23043   17.55686    6.01089   -1.00000
   0.27687   11.36468    7.81366   -1.00000
  -3.46033   18.89327    7.52762   -1.00000
  -7.26566    4.49273   -7.16332    1.00000
   6.16374   14.89490    2.57062   -1.00000
   3.43883    9.05270   -4.16657   -1.00000
   0.84760   12.19488  -11.03971    1.00000
  -5.91595   19.85570    6.25752   -1.00000
   0.25852    1.18721   -4.75963   -1.00000
  12.57952    8.68100    0.18195    1.00000
  12.58698   10.45910    0.30642    1.00000
  -8.99785   14.04046   -3.98785    1.00000
   0.01791   16.17070   14.13589    1.00000
   6.23041   20.47155   -0.28764   -1.00000
   6.22442   18.30409    2.30668   -1.00000
   5.70012    5.06556   -1.79944   -1.00000
   1.33832   15.65523    7.56127   -1.00000
   3.03345    7.26434   -4.36949   -1.00000
  -7.87044    2.73971    4.22384   -1.00000
  -5.85221   11.76971   -8.59448    1.00000
   6.30591    0.48631    1.82659   -1.00000
  -3.30625    3.81527  -10.15625    1.00000
   1.17513   15.20737  -11.03925    1.00000
  11.93959   11.77062   -3.02932    1.00000
  -2.74578   10.21332    7.72197   -1.00000
  11.07259    5.78786    7.06449    1.00000
   0.73279   17.45185    7.72472   -1.00000
  -3.19831   16.52450  -10.20221    1.00000
   5.94391   14.75195   -1.25539   -1.00000
   3.78546    2.17002    6.25306   -1.00000
  -2.22250   20.62853    7.82120   -1.00000
   4.98357   10.73197   -2.88503   -1.00000
  -5.93309    5.26164    6.24467   -1.00000
  -6.67883    1.75023   -7.82688    1.00000
   6.19566    3.07568   -0.44442   -1.00000
  -6.79747    7.44529   -7.70181    1.00000
  -9.45504   14.38998   -1.64438    1.00000
  12.50359   15.50080    2.60267    1.00000
   7.34306   15.86618   -9.07756    1.00000
   3.88948    2.61676  -10.65796    1.00000
  -9.47269   18.41214   -0.69917   -1.00000
   7.18999    0.99225   11.51946    1.00000
   6.35948    7.18925    0.84880   -1.00000
   8.51763   17.59231   10.41115    1.00000
  10.54609   15.67783   -5.84994    1.00000
   6.28424   13.30954    1.97761   -1.00000
   8.16622    2.53423   -8.46636    1.00000
  -3.03930   11.30401  -10.26738    1.00000
   1.64319    1.80752  -11.02176    1.00000
  12.38342    3.69304    3.36087    1.00000
   4.23786   20.08625   13.16011    1.00000
   1.20798   15.23018  -11.03867    1.00000
  12.49371    8.56939    2.67815    1.00000
   1.99869    9.74257   -4.70717   -1.00000
  -5.92615   15.30782   -8.53242    1.00000
   4.14730    5.94122   -3.69605   -1.00000
   5.26925   15.68845   12.69347    1.00000
   5.93525   15.27235    3.29906   -1.00000
  -0.89542    6.07269    7.91614   -1.00000
  12.50984    9.20572    2.55299    1.00000
  -9.13262   13.49826    1.52591   -1.00000
   4.98426    0.34071  -10.30392    1.00000
   6.35557    3.99382    1.25136   -1.00000
   5.13631    8.81351    4.80811   -1.00000
   7.31743   10.12824   11.42510    1.00000
  -5.99314    7.58216    6.19915   -1.00000
  -5.99847   14.06447   -8.47055    1.00000
  11.74726    4.69399   -3.55261    1.00000
   3.94196   17.27369   13.27564    1.00000
  -6.67340    7.23157    5.62035   -1.00000
   6.33247   15.57733    0.38763   -1.00000
  -1.46494    7.41095    7.90264   -1.00000
  -1.00991   18.11736    7.91671   -1.00000
  11.24264    0.36018    6.73608    1.00000
   4.75263    1.88572    5.30640   -1.00000
   7.43065    1.99299   -9.01773    1.00000
  10.31048    8.75060   -6.18965    1.00000
  -7.54704    8.14938    4.66292   -1.00000
   6.00464    9.33182   -1.09247   -1.00000
  -9.45903   20.76240   -1.58336    1.00000
  10.94950   11.21541    7.28889    1.00000
  -9.28776   12.78368    0.88473   -1.00000
   7.50179   11.00939   11.28442    1.00000
   6.10283   13.87101    2.79586   -1.00000
   2.09669   19.20842   -4.68542   -1.00000
  -0.74126    8.25600  -10.90252    1.00000
   9.27107   14.19362   -7.44416    1.00000
   6.19574    1.13526    2.43763   -1.00000
   5.41973    6.62240   -2.28952   -1.00000
  12.57676   18.48306    0.14048    1.00000
  -7.21221   18.68045    5.06418   -1.00000
   5.98605    3.07024   -1.14390   -1.00000
   5.02800    1.01990  -10.28718    1.00000
   7.92268    2.76402   -8.65903    1.00000
   6.69880   15.38166   -9.48322    1.00000
  -1.60054   19.78527  -10.72875    1.00000
  12.59769    5.87301    1.45282    1.00000
   0.89070    4.30511   -4.81364   -1.00000
  11.12725    9.92284    6.96138    1.00000
  12.60338    8.86765    0.74352    1.00000
   9.97795    3.40587    8.77520    1.00000
   0.65400    8.94132   -4.80339   -1.00000
   1.90662   12.21607   -4.72575   -1.00000
  -9.18098    0.01563   -3.35641    1.00000
  -9.10305   16.28031   -3.64483    1.00000
   6.14750   19.07862   12.21056    1.00000
  -9.08841    9.14189    1.67863   -1.00000
  -4.96768   14.60901    6.87244   -1.00000
   6.29878    2.35327    0.10363   -1.00000
   0.43656    7.85955    7.78574   -1.00000
  -7.16012    6.53385   -7.29151    1.00000
  -9.34978    7.84575    0.55048   -1.00000
   4.31274   12.33980    5.78179   -1.00000
  -9.47696   11.28415   -1.07362   -1.00000
   4.73390    2.65416   -3.16412   -1.00000
   6.32808   11.62036    0.34333   -1.00000
  -4.72010   14.21701    7.00507   -1.00000
   4.42167   16.06776   13.08435    1.00000
  -2.17730   19.50374  -10.57053    1.00000
  -2.98850   17.54183    7.66372   -1.00000
  -3.98211   11.41553   -9.83531    1.00000
  -4.81793   17.21993    6.95393   -1.00000
  -1.71105    4.47199  -10.70109    1.00000
  -7.31248   14.14985   -7.10505    1.00000
   2.49628   20.77227   13.73230    1.00000
   9.09139   18.33476    9.83169    1.00000
  -5.89835   12.68187    6.27063   -1.00000
  -8.12818    2.05699   -5.91751    1.00000
   6.36067    9.59689    0.92305   -1.00000
   2.07764   11.63868   13.83293    1.00000
  11.96113    6.22682   -2.96575    1.00000
  12.59678    5.30264    1.47727    1.00000
  11.51208    4.14518   -4.10930    1.00000
   5.85091    5.23328   -1.48060   -1.00000
  -1.60792   13.91245  -10.72695    1.00000
  -3.28729    1.05222    7.58109   -1.00000
  11.45013    0.32639    6.30121    1.00000
  -2.60580   19.34211  -10.43017    1.00000
   3.25602   15.82479    6.64324   -1.00000
  -8.97965   15.42345    2.01833   -1.00000
  -3.39754    5.15580    7.54751   -1.00000
   6.19590    8.93052    2.43695   -1.00000
   2.38272    9.03279   -4.61007   -1.00000
   6.68430    6.75525   11.87197    1.00000
   6.28906    2.19939    0.03766   -1.00000
  -9.29266   16.24015    0.86060   -1.00000
  -7.41626    6.33733   -6.97269    1.00000
  11.95279   20.64182   -2.99050    1.00000
   0.01553   13.95539   14.13606    1.00000
   6.15894   11.53292   -0.59214   -1.00000
  12.56023    1.55705   -0.07437    1.00000
  12.41247    0.89926   -1.19805    1.00000
  11.55623    2.46584    6.06148    1.00000
   2.54811   16.93939    7.06206   -1.00000
  -4.25746   16.19690   -9.68721    1.00000
   4.24449    0.57234  -10.55652    1.00000
   5.16996   16.12466    4.75964   -1.00000
   1.31555    2.11849   13.98160    1.00000
   8.90968   12.78855   -7.80793    1.00000
  12.59446    3.10145    0.45962    1.00000
   4.63089    7.10946    5.44688   -1.00000
   5.28324    8.97751    4.58974   -1.00000
   3.73077   11.96658    6.29688   -1.00000
   3.84786    4.12556   -3.91471   -1.00000
  -3.52083    0.43001    7.50793   -1.00000
  10.00563   15.33364    8.73836    1.00000
   5.05825    8.93041   -2.79387   -1.00000
   8.92289    2.32000   10.00929    1.00000
   6.20859   17.13827   -0.38832   -1.00000
   7.55194    7.64114   11.24528    1.00000
   1.38067   12.48482   -4.79788   -1.00000
  -9.44568    7.36229   -1.76909    1.00000
  -8.72793   16.15383    2.67178   -1.00000
   2.60913   18.37668   -4.53758   -1.00000
  -8.78864   19.02875    2.52721   -1.00000
  11.58632    7.51985    5.99103    1.00000
  12.51362    6.77922    2.52212    1.00000
  -3.42502   14.34701  -10.10404    1.00000
   3.83615   15.24558   -3.92265   -1.00000
   9.54097    8.28834   -7.15071    1.00000
  10.78903    6.99195    7.56679    1.00000
   7.64385    7.64745   -8.86712    1.00000
   1.91555   11.00133    7.35376   -1.00000
  -6.02690   10.62708   -8.44591    1.00000
  -7.50975    4.26556    4.71007   -1.00000
  -9.35543    9.26783    0.51621   -1.00000
  -9.15321   13.05137    1.45121   -1.00000
  -7.54023    7.71154   -6.80843    1.00000
   6.35671   16.08189    0.75474   -1.00000
  12.39004    0.57514    3.32563    1.00000
   6.35814    2.47529    0.79733   -1.00000
   2.34955   15.65770   13.76913    1.00000
  -8.04171    2.56790    3.96618   -1.00000
  12.53126    0.08550    2.36896    1.00000
  -4.90357   20.62883    6.90781   -1.00000
   4.09667    2.38785    5.98627   -1.00000
  -1.74800    7.20699    7.88072   -1.00000
  12.24905   16.09838   -1.97192    1.00000
  -0.35461   18.12639  -10.95749    1.00000
   4.80604    3.49728   -3.08725   -1.00000
  12.48793    0.94884    2.72080    1.00000
  -0.50203   10.78014  -10.93819    1.00000
  10.49503    9.96907    8.03885    1.00000
  -7.20210    1.70271   -7.24103    1.00000
  -7.16616    2.89739   -7.28429    1.00000
   4.59242    6.97159    5.48975   -1.00000
  -7.42445   13.76099    4.81552   -1.00000
   6.18678   18.12803    2.47613   -1.00000
  -1.98416    2.53629  -10.62736    1.00000
   1.08661    2.89131    7.63570   -1.00000
  -9.41416   11.89522   -2.08888    1.00000
  -5.74450   18.43154   -8.68283    1.00000
  -2.80133    5.63396  -10.35940    1.00000
   4.08412   18.06365    5.99765   -1.00000
  -9.40514   11.19413   -2.16440    1.00000
  -8.69622    0.68344   -4.79023    1.00000
   1.86112    4.80628   -4.73427   -1.00000
   7.87687    9.74745   10.98223    1.00000
   7.34086    5.10484   11.40750    1.00000
   5.31358   17.10993    4.54234   -1.00000
   3.32038    5.57230  -10.79486    1.00000
   4.61189    5.29641    5.46813   -1.00000
   2.29496   10.47538  -10.96430    1.00000
   0.99643   20.61999    7.66009   -1.00000
   6.35620   20.60902    1.23575   -1.00000
   5.95755    4.42400    3.23913   -1.00000
   9.91495    5.97589   -6.70897    1.00000
   6.35813   18.66583    0.79717   -1.00000
   4.22286    1.65012   -3.63574   -1.00000
   6.03398   17.49762    3.01903   -1.00000
   6.04408   20.47259   -9.83820    1.00000
   5.68009    6.59971   -1.83836   -1.00000
   3.69444    9.28370  -10.70841    1.00000
   5.32916   18.97488    4.51765   -1.00000
   7.64179    6.95765   11.17420    1.00000
  10.21944   14.18575    8.44452    1.00000
   6.21096    7.61942   12.17234    1.00000
   4.13752    8.12195   13.20017    1.00000
  -2.85752   10.27277    7.69613   -1.00000
   5.44095   20.25297   12.60558    1.00000
  -8.38361    1.76563   -5.45398    1.00000
   6.36083    8.32796    0.94113   -1.00000
   3.64772   13.64516   -4.04426   -1.00000
   6.42721   13.13592   -9.63713    1.00000
  10.00159   10.28182   -6.60015    1.00000
  -9.13044    3.58516   -3.54739    1.00000
  -9.16640   13.04709    1.40201   -1.00000
   4.00846    4.38667    6.06504   -1.00000
   9.78151    0.11515    9.02917    1.00000
   6.23959   20.99208   -0.24269   -1.00000
   0.80606   13.07957  -11.03907    1.00000
  -7.87808   19.92707    4.21275   -1.00000
  12.58838   10.77741    0.33243    1.00000
  -9.13590    3.81813    1.51419   -1.00000
  -7.23180    1.92054   -7.20491    1.00000
  -8.35046    2.67878    3.44566   -1.00000
   9.71668   13.54081    9.11027    1.00000
   2.57319   19.85661   -4.54986   -1.00000
   2.01033   15.55642   -4.70470   -1.00000
   7.94975    3.11871   -8.63813    1.00000
   1.84969    5.86942  -11.00773    1.00000
   6.21843   11.45958    2.33508   -1.00000
   1.61089   13.10837   -4.77337   -1.00000
  12.28451    6.92383   -1.82302    1.00000
   2.49204   18.24421    7.09086   -1.00000
  10.22311   20.32350   -6.30953    1.00000
  -5.05213   17.67827    6.82472   -1.00000
   5.74360    6.82353   -1.71241   -1.00000
   3.17970   16.51369   13.53808    1.00000
   2.85312   18.36589    6.89460   -1.00000
   5.65053    1.38032   -1.89454   -1.00000
  -4.10002   19.33010    7.29262   -1.00000
   5.45193   12.54934   -2.23849   -1.00000
  -8.97805   16.97900    2.02301   -1.00000
  12.51656    8.22618    2.49765    1.00000
  -7.42827    2.24873    4.81087   -1.00000
   1.15811   19.52436  -11.03952    1.00000
  -1.49233    0.12858    7.90096   -1.00000
   3.62058    8.18579   -4.06088   -1.00000
  -8.40360    0.19565    3.34732   -1.00000
  -2.10405    4.23330    7.83875   -1.00000
  -3.65304    7.44708    7.46309   -1.00000
  -9.26550   17.10304    0.99044   -1.00000
  -8.89715   11.82825    2.24953   -1.00000
   5.67322   13.82193   -1.85156   -1.00000
   1.49548   14.76852  -11.02942    1.00000
   5.70382   20.03528   -1.79217   -1.00000
  12.13356    6.23362   -2.40895    1.00000
  11.45898   16.17582   -4.22516    1.00000
   8.44456    4.55751   10.48007    1.00000
  -5.22358   20.59070    6.72385   -1.00000
   3.42721    0.12596   -4.17300   -1.00000
   1.25207    1.34762    7.58784   -1.00000
  -2.56539    9.38195    7.76021   -1.00000
  -8.99425    2.36193    1.97528   -1.00000
   5.19027   18.21351  -10.22328    1.00000
   0.98305   15.32071    7.66361   -1.00000
   1.31439    4.42949  -11.03612    1.00000
  -9.12912   17.10727   -3.55219    1.00000
  -9.03397   10.21935    1.85436   -1.00000
  12.31111   19.91381   -1.70565    1.00000
   4.58511   16.93991   -3.31395   -1.00000
  -4.11732    6.89452    7.28542   -1.00000
  12.53027    3.67640    2.37800    1.00000
   3.60596    0.19543    6.39371   -1.00000
  12.60423   12.82708    1.20403    1.00000
   2.85471   18.54811   13.63515    1.00000
  -4.06579    5.98851    7.30673   -1.00000
  -7.81712    5.82503   -6.41433    1.00000
   9.52156   19.47835   -7.17248    1.00000
  11.84310    2.59623    5.33601    1.00000
   6.12153    2.14165    2.72997   -1.00000
   2.91967   19.58476  -10.87273    1.00000
   5.29996   18.05922    4.56373   -1.00000
   6.30879    1.95258    1.80439   -1.00000
   6.23237   14.36378    2.26790   -1.00000
  12.21857    5.70397   -2.09374    1.00000
   0.41277   16.32974  -11.02527    1.00000
   1.79175   19.58759  -11.01206    1.00000
   6.19776    1.18526    2.42880   -1.00000
   5.99386    1.13259   -1.12248   -1.00000
   9.70335    3.55770    9.12679    1.00000
   5.52333    3.26124   -2.12094   -1.00000
  -5.53841    9.87841    6.52402   -1.00000
   2.46053   17.49842  -10.94353    1.00000
  12.46436    9.18282   -0.88334    1.00000
  10.84611   18.54921   -5.37765    1.00000
   0.69537    8.76407    7.73310   -1.00000
  -9.34067   10.06446    0.60415   -1.00000
  12.27317    9.02780   -1.87153    1.00000
  -1.55992    7.74795    7.89641   -1.00000
   1.34929   18.31769   13.97594    1.00000
  12.18024    9.23064   -2.24001    1.00000
  11.63326   12.30176    5.87874    1.00000
  12.54409    4.58017   -0.24859    1.00000
  -0.45414   20.22542  -10.94469    1.00000
   6.01988   11.52290   -1.04921   -1.00000
   3.55332    4.53078    6.43326   -1.00000
  10.83154   10.63145    7.49469    1.00000
  -0.22215    4.83402    7.87904   -1.00000
   2.31640   14.74759   -4.62914   -1.00000
  -9.38199   17.47839   -2.33860    1.00000
  -1.61213   14.71535  -10.72591    1.00000
   4.04660    9.12653   -3.77311   -1.00000
   0.63406   15.19716   -4.80199   -1.00000
   2.37513    7.82823  -10.95456    1.00000
   5.04507   10.62835   -2.81024   -1.00000
   4.33552   17.42531    5.75921   -1.00000
  -3.51566    0.68575    7.50963   -1.00000
  -5.17307    1.60078    6.75414   -1.00000
  -6.74443    3.65389   -7.75824    1.00000
  12.53907   14.74007    2.29533    1.00000
  -8.79860   11.07722   -4.54075    1.00000
  -9.46832    4.12071   -1.40711   -1.00000
   1.39734    5.28185    7.54245   -1.00000
   6.34341   18.31579    0.51620   -1.00000
   5.51617   15.71279    4.20167   -1.00000
   5.99339   18.64545   -1.12377   -1.00000
   6.56261   11.03827   -9.56161    1.00000
   2.63863    2.36701  -10.91838    1.00000
  -2.46255    7.78354  -10.47932    1.00000
   5.93213    3.97233   -1.28542   -1.00000
   1.83785    9.01679    7.38481   -1.00000
   8.70110   14.82763   10.23345    1.00000
   2.60288    8.92207   -4.53973   -1.00000
   5.75794    1.55309    3.72404   -1.00000
   4.53931    5.78923    5.54781   -1.00000
  -9.11187    2.96516    1.59884   -1.00000
   9.10678    1.04483    9.81514    1.00000
  12.55432   15.57796    2.13781    1.00000
  11.97638   18.31880   -2.92005    1.00000
  11.61403   18.80950    5.92511    1.00000
   0.32540   11.61218   -4.76942   -1.00000
  -4.79996   14.80811    6.96345   -1.00000
   9.81729   10.46462   -6.82858    1.00000
   6.31700   18.93442    0.24331   -1.00000
  10.96439    6.72109    7.26229    1.00000
   2.39125   17.50836   -4.60755   -1.00000
  10.00977   13.80511    8.73283    1.00000
   9.37863    8.62925   -7.32958    1.00000
   0.31589   16.02669  -11.01971    1.00000
  -7.95916    6.79750    4.09279   -1.00000
   7.11158   19.27938   -9.23015    1.00000
   6.01045    6.22832   -1.07610   -1.00000
  -3.33550   19.27351    7.56662   -1.00000
   4.98834    7.00728    5.01137   -1.00000
   5.77079   15.64695   -1.65608   -1.00000
   2.28080   19.80434  -10.96596    1.00000
  10.51608    1.78535   -5.89463    1.00000
   8.30508   16.95754   -8.35171    1.00000
  -2.06314    0.36780    7.84439   -1.00000
   2.82093   12.11544   13.64475    1.00000
   6.33957    2.49658    0.46732   -1.00000
   5.31051   11.04106   -2.45438   -1.00000
  -8.58143    8.27376   -5.04905    1.00000
   5.95250    7.74895   -1.23320   -1.00000
   4.92030   18.84260  -10.32802    1.00000
   5.53333   16.25939    4.17064   -1.00000
  -7.87982    1.18283    4.21022   -1.00000
  -7.59807   17.69882    4.59730   -1.00000
  -7.56717   18.60437    4.63718   -1.00000
  10.12264    1.68373   -6.44362    1.00000
  -7.28406   11.65241   -7.14052    1.00000
   0.73375    3.80738    7.72450   -1.00000
   2.90337    4.45577   -4.42563   -1.00000
   1.54975   20.59648   13.94058    1.00000
   2.31876    7.98250   13.77665    1.00000
  -9.30590   15.02751   -2.79490    1.00000
  -9.39942    9.87052    0.21524   -1.00000
   1.05763    5.76448   -4.81384   -1.00000
   4.82739   11.38314    5.21630   -1.00000
   2.97357    0.85351    6.82320   -1.00000
  -9.47641   14.47959   -1.12432   -1.00000
   1.79275   16.46226   -4.74625   -1.00000
   0.63345   16.49312    7.74653   -1.00000
   5.07760    1.75022    4.89060   -1.00000
  -9.41530   14.36479   -2.07896    1.00000
  12.56637    0.25331    1.99588    1.00000
  12.60428   18.82365    1.20095    1.00000
  -2.79521    3.86331  -10.36168    1.00000
   3.46311   16.04329   -4.15300   -1.00000
  -4.56180   10.05105    7.08440   -1.00000
  12.34055   14.01220   -1.56908    1.00000
   4.86511   12.21438    5.16967   -1.00000
   7.88612    0.27069   -8.68705    1.00000
   1.69799   16.61553   13.91248    1.00000
   0.67791   10.16968  -11.03612    1.00000
   8.57638   16.80127   10.35499    1.00000
   9.18900   20.09290    9.72575    1.00000
   4.28423   11.20851   -3.58513   -1.00000
  -5.35882   15.42215    6.64039   -1.00000
   4.68696    3.86516   12.96947    1.00000
  -1.36994    4.27440  -10.78252    1.00000
   6.35121    1.03201    1.34165   -1.00000
  12.25294   12.09122   -1.95597    1.00000
   6.21197   15.28080   12.17173    1.00000
   4.71753   10.95869   -3.18117   -1.00000
  -5.66192    3.28801   -8.74895    1.00000
  -5.45033    4.36547    6.58190   -1.00000
   3.09036   11.51660    6.75098   -1.00000
  -8.02737    5.92792    3.98851   -1.00000
   2.20979   12.95839   -4.65776   -1.00000
   2.86942   19.95552   -4.43960   -1.00000
  -4.47092   18.85752    7.12806   -1.00000
   9.54337    3.24622   -7.14802    1.00000
  -3.27035    7.25446  -10.17169    1.00000
  11.72190   15.06908   -3.61649    1.00000
  -9.02369   12.50702    1.88619   -1.00000
  12.57960    8.20678    0.18327    1.00000
  11.61551    7.04971   -3.87387    1.00000
   6.25301    4.76254    2.16121   -1.00000
   0.99139   14.00646  -11.04071    1.00000
   0.79692   17.07618   -4.81099   -1.00000
  -0.20198   12.43810    7.87703   -1.00000
  -9.00621    6.50278   -3.96214    1.00000
  -9.05573    7.24098   -3.80472    1.00000
   1.03537   15.40005   -4.81415   -1.00000
   5.06413   11.21629   -2.78653   -1.00000
   6.76315   20.07195   -9.44532    1.00000
  -9.45072    1.78452   -0.28621   -1.00000
  10.81444    6.27490    7.52382    1.00000
   6.72238    0.76261   11.84660    1.00000
  12.13295   17.42893   -2.41109    1.00000
   1.29528   12.05515    7.57467   -1.00000
   6.30649    2.50582    0.15977   -1.00000
  -0.54301   18.79680  -10.93247    1.00000
   4.62868   13.82717    5.44935   -1.00000
  11.83780    1.93732    5.35065    1.00000
  -4.60436    2.96210   -9.48517    1.00000
  -9.06873   20.74335    1.74363   -1.00000
  -8.25705    8.83116    3.61179   -1.00000
   5.43931   14.82352   -2.25864   -1.00000
   5.06723   14.12120   12.79303    1.00000
  11.33844   14.95434   -4.47698    1.00000
   4.43474    5.94033    5.65847   -1.00000
   4.45702    9.91546    5.63528   -1.00000
  12.52339   15.10754    2.43932    1.00000
  -9.26454   16.45870   -2.99897    1.00000
  10.88181   12.14838    7.40805    1.00000
   1.57984    4.30806    7.48086   -1.00000
  12.43251    2.50594   -1.08234    1.00000
   1.93045   11.27999  -11.00119    1.00000
  11.69781   12.80790   -3.67625    1.00000
  11.53797   18.87204    6.10368    1.00000
  -3.17415   18.51416  -10.21231    1.00000
  -9.47314   19.90420   -1.27529   -1.00000
  -9.45930   19.29914   -1.57901    1.00000
  -7.43372    0.67171    4.80421   -1.00000
   1.09591   14.18624  -11.04026    1.00000
  -6.86261    8.56334    5.43617   -1.00000
   4.57470    4.15974    5.50927   -1.00000
  11.85279    9.21011   -3.27463    1.00000
   9.49412   12.54922   -7.20309    1.00000
   8.75168    3.28992   10.18325    1.00000
   7.97271    1.69738   10.90138    1.00000
  -2.59159    7.98911  -10.43515    1.00000
  12.60321   11.19920    1.25875    1.00000
   3.01114    1.81854   -4.37942   -1.00000
   0.55695   17.73796    7.76240   -1.00000
   4.23336   18.09310   13.16193    1.00000
   3.04206   17.44027    6.78121   -1.00000
  -2.47269   15.18924  -10.47591    1.00000
   4.20424    1.68459   -3.65080   -1.00000
   4.15011   10.44188    5.93727   -1.00000
   6.06120    2.87733   -0.92618   -1.00000
   3.91978    6.88119  -10.64979    1.00000
   5.65956    0.53565   -1.87753   -1.00000
  -4.27877    4.96680    7.21601   -1.00000
  -0.43082   16.85673    7.89674   -1.00000
  10.12062   15.83881    8.58244    1.00000
   2.58236    4.56477   -4.54675   -1.00000
   1.92775   20.29528   -4.72164   -1.00000
  -5.63111    6.80617   -8.77326    1.00000
   6.76438   13.69471   11.81840    1.00000
   9.08965    7.32830   -7.63071    1.00000
  -7.19637    0.32244   -7.24796    1.00000
  11.85504   13.92339   -3.26846    1.00000
  -3.39002    1.42656    7.54985   -1.00000
  -7.49244    0.08240   -6.87258    1.00000
  -5.09088    8.86561   -9.17048    1.00000
  -6.71993   19.68165    5.57609   -1.00000
   5.99737    9.41407   -9.86148    1.00000
  11.50002   16.72185    6.19010    1.00000
  -8.68923   14.00071   -4.80658    1.00000
   4.13744   12.41321   -3.70376   -1.00000
   6.28334    9.17362    0.00095   -1.00000
  -6.80567   11.42316   -7.69301    1.00000
   0.66461   17.58592   -4.80410   -1.00000
   9.69622   18.51320   -6.97259    1.00000
   6.36058    9.77708    0.91480   -1.00000
  -0.92469    1.00015    7.91644   -1.00000
  -7.17821   16.43554   -7.26984    1.00000
  12.07868   13.48491   -2.59658    1.00000
   1.27783   15.04310    7.58002   -1.00000
  -8.88545   15.80642    2.28082   -1.00000
  10.41562   10.06085    8.15911    1.00000
  -6.02638   17.88118   -8.44636    1.00000
  -2.18504    1.65938  -10.56817    1.00000
   3.96124    7.12871    6.10616   -1.00000
  -5.95953   12.90620    6.22473   -1.00000
   6.33496    9.68978   -9.68723    1.00000
   5.86270   18.27136   -1.45343   -1.00000
   5.41842   15.05508    4.37161   -1.00000
   1.93943   12.01795    7.34402   -1.00000
  12.55262   13.27454    2.15638    1.00000
   0.26389   17.62891   -4.76046   -1.00000
   6.30932   12.87882    0.18138   -1.00000
  10.70077    5.77583    7.71325    1.00000
  -7.97333    0.83213   -6.17290    1.00000
   7.48513   18.83334   -8.97993    1.00000
   1.75589   15.77320   -4.75230   -1.00000
  10.62772   14.06000   -5.72615    1.00000
  -0.56324    5.98169    7.90507   -1.00000
  -7.34977   19.74522   -7.05801    1.00000
  -5.16289    8.34862    6.76018   -1.00000
   4.91595   20.95931   -2.96436   -1.00000
  -7.34370   17.99410   -7.06570    1.00000
   6.54918    2.69699   -9.56921    1.00000
  11.75232    4.78278   -3.53972    1.00000
  11.64885    2.00714    5.84080    1.00000
   7.51928   12.90272   -8.95599    1.00000
  12.12513    8.57335    4.45801    1.00000
   6.59522    5.75999   11.93061    1.00000
  -7.01480   18.57084   -7.46129    1.00000
   4.64195    0.37828    5.43442   -1.00000
   6.33979    2.71093    1.50841   -1.00000
   6.32287    5.72956    0.29450   -1.00000
   6.17797   13.32269    2.51296   -1.00000
  11.69007    3.28761    5.73876    1.00000
  11.83635    6.59104   -3.31930    1.00000
   1.69783   11.37353    7.43826   -1.00000
   5.16442    6.21869    4.76768   -1.00000
  11.61976    3.63576    5.91134    1.00000
  -2.38348    1.97390  -10.50548    1.00000
  -6.18501   10.84564    6.04799   -1.00000
  12.59863    6.72928    1.42601    1.00000
   4.38144   16.79276   13.10120    1.00000
   5.60235    1.11730    4.04183   -1.00000
   1.79359    2.91472   -4.74611   -1.00000
  -7.39013   12.52485    4.85701   -1.00000
   2.87644   17.08438   -4.43674   -1.00000
   5.33304    7.65157    4.51147   -1.00000
  -1.77133    4.22249    7.87846   -1.00000
   6.12190    4.87071    2.72864   -1.00000
  -6.34600    5.57677   -8.15644    1.00000
   6.03620    9.64085   -1.00164   -1.00000
  10.40789   11.43041   -6.05221    1.00000
  11.22027    9.72838    6.78059    1.00000
   5.10323    0.86876   12.77559    1.00000
  -5.56442   20.25559    6.50663   -1.00000
  -9.31724    9.14760   -2.73464    1.00000
  -9.07383   16.13239    1.72696   -1.00000
   1.81076   11.87375   -4.74319   -1.00000
  -4.71824    5.07696    7.00603   -1.00000
   5.56908    4.74792   12.53798    1.00000
  -9.10110    7.31050   -3.65161    1.00000
   0.28953   14.18246   -4.76430   -1.00000
   8.08635    4.82537   10.80352    1.00000
  -4.97445   16.65940   -9.24930    1.00000
  -8.14786   13.23599   -5.88379    1.00000
   6.34055    5.03522    1.49910   -1.00000
   2.25852    3.60557    7.20448   -1.00000
  12.59774   17.73627    0.54280    1.00000
  -9.41468   12.33684   -2.08442    1.00000
   2.04801   14.23779    7.29851   -1.00000
  -9.45999    2.51169   -0.42260   -1.00000
  -6.63401    9.24505    5.65732   -1.00000
  11.11471    0.35321   -4.90890    1.00000
   3.03014    2.45887   -4.37097   -1.00000
  -2.42726    3.11123    7.78661   -1.00000
   6.50568    1.45577   -9.59365    1.00000
   5.71143   19.48680   -9.99826    1.00000
   4.68890    9.36977   12.96861    1.00000
   0.15712    0.89809  -11.00872    1.00000
  -7.11394   12.19800    5.17321   -1.00000
  -5.73783    7.22781    6.38707   -1.00000
  -3.09042    8.17365    7.63690   -1.00000
  -3.47782   17.33561  -10.08027    1.00000
   4.76705   15.75142  -10.38401    1.00000
   1.19475   11.16534   -4.80970   -1.00000
   5.33964    5.92798   -2.41159   -1.00000
   6.04291    9.28111    2.99157   -1.00000
  12.59816   16.08441    1.43958    1.00000
   2.82575   19.36007   13.64339    1.00000
   6.21106   18.29631   -9.75282    1.00000
   9.60556   14.52135    9.24633    1.00000
  -4.96180    8.57475   -9.25773    1.00000
   4.59711   10.34762    5.48456   -1.00000
   6.05360   14.31707    2.95818   -1.00000
   8.81881   16.45932   -7.89459    1.00000
   1.12156   18.81957   -4.81239   -1.00000
   0.46016    4.94261    7.78132   -1.00000
   6.26636   12.90172    2.08653   -1.00000
   6.33155    2.01361    1.60123   -1.00000
   4.05092    2.09936    6.02746   -1.00000
   1.80596   16.76002    7.39726   -1.00000
  12.35293   18.04738    3.51653    1.00000
   0.35820   12.53153   14.10723    1.00000
   7.32589   20.54745   -9.08916    1.00000
  -9.29124    9.00444   -2.86982    1.00000
   5.88746   17.86641   -1.39515   -1.00000
   5.94322   11.50196    3.27784   -1.00000
  -7.65944    3.90830   -6.64363    1.00000
   2.40884    9.40300   13.75445    1.00000
   5.34424    8.77733    4.49355   -1.00000
  11.71220   10.16052    5.68296    1.00000
  -9.28390    0.36992    0.90351   -1.00000
   4.14971   17.96200    5.93763   -1.00000
  -8.20908    7.51671    3.69402   -1.00000
  -3.23054   12.84507    7.59773   -1.00000
   5.11904   14.78668    4.83264   -1.00000
   8.76422    6.53566   10.17072    1.00000
  -4.60377   17.45169    7.06377   -1.00000
  -7.05122    6.02140   -7.41944    1.00000
   4.78670   10.56166    5.26572   -1.00000
   0.78259   17.23656   14.05980    1.00000
   3.55670   11.36575    6.43074   -1.00000
   6.04549   13.49913   -0.97399   -1.00000
   6.33808   13.49779    1.52909   -1.00000
   1.98031   19.41013    7.32712   -1.00000
   6.34612   13.36079    0.55395   -1.00000
   6.32893    9.23237    0.35170   -1.00000
  -7.08728   12.53032    5.20216   -1.00000
  -8.90349    6.07709   -4.26265    1.00000
  12.24913   17.86824    3.98436    1.00000
  -5.41863   13.72625    6.60235   -1.00000
   2.83068   18.24347   -4.45520   -1.00000
   7.48032   19.13084   11.30106    1.00000
   2.02666   13.25557    7.30762   -1.00000
   9.40905   16.02895    9.47826    1.00000
   4.44437    9.79584   13.07478    1.00000
   5.93138   19.75917    3.30926   -1.00000
  -5.99808    9.58137   -8.47088    1.00000
   9.89518   14.00478   -6.73344    1.00000
   4.85636    6.80856    5.18056   -1.00000
   3.25827   15.09129   -4.26234   -1.00000
  -0.88511    3.69773    7.91600   -1.00000
   3.12017   19.06804   -4.32971   -1.00000
   4.10882   10.08750   -3.72593   -1.00000
  -7.80607   13.71926    4.31586   -1.00000
   7.87457    9.05595   -8.69586    1.00000
   5.73864   11.98645   -1.72252   -1.00000
   9.89253    4.63336   -6.73671    1.00000
   6.32343   19.46380    1.68060   -1.00000
   5.47395   17.20854   -2.20289   -1.00000
   2.93861   16.58317   -4.41084   -1.00000
  -8.63968   12.92260    2.87038   -1.00000
  -4.63551    6.29992    7.04798   -1.00000
   3.37216    0.12977  -10.78369    1.00000
  -9.01029    7.86266   -3.94952    1.00000
  -4.93607    1.00228   -9.27479    1.00000
  -6.49078    8.89297   -8.01676    1.00000
  -0.90594    9.24060  -10.87479    1.00000
   6.35853   12.98850    0.81101   -1.00000
  12.57946    9.90674    0.18098    1.00000
   7.99620    9.78020   -8.60197    1.00000
   6.28363    5.13503    0.00281   -1.00000
  12.12957    8.43881   -2.42298    1.00000
   5.83421   17.20263    3.55110   -1.00000
  11.01016   16.81275    7.17960    1.00000
   8.77114   15.20694   -7.93932    1.00000
   5.16771   18.46061   -2.65294   -1.00000
   1.49800    5.68811   -4.78676   -1.00000
   6.68129   11.12485   -9.49344    1.00000
   2.82598    4.53943   13.64332    1.00000
  -2.62721   18.20392    7.74759   -1.00000
   7.77491    9.99224   11.06657    1.00000
   6.26331    8.17325    2.10405   -1.00000
   4.61248    8.14259   -3.28723   -1.00000
  -9.12948    7.33793   -3.55089    1.00000
  -6.48107   17.66087    5.79656   -1.00000
  -0.61420   19.32329    7.90768   -1.00000
  -5.77397   11.56000   -8.65890    1.00000
   6.34776   19.81443    1.39918   -1.00000
  -5.08559   11.23171   -9.17411    1.00000
   2.67921   15.86859    6.99236   -1.00000
   7.93817    5.22601   -8.64709    1.00000
   6.31335   13.18024    1.76798   -1.00000
   5.10869    7.54729   -2.73005   -1.00000
  -2.72159    2.10934  -10.38878    1.00000
  10.01300    0.35544   -6.58561    1.00000
  12.20171   18.61308    4.17433    1.00000
   3.83988    4.03547    6.20859   -1.00000
  12.60570    3.84115    1.07293    1.00000
  -2.15600    6.98822  -10.57699    1.00000
  -9.44658    9.52767   -0.23316   -1.00000
   3.60421    6.18043    6.39503   -1.00000
  -1.37366   15.31417  -10.78170    1.00000
  -7.94660   11.44296    4.11166   -1.00000
   6.58332    3.24764   11.93836    1.00000
   7.45075   11.21697   11.32387    1.00000
   2.80140    0.63331    6.92432   -1.00000
   0.00232   15.03497    7.85369   -1.00000
  -7.70657   15.65323   -6.57650    1.00000
   5.62491   18.87294    3.99824   -1.00000
   0.62066    8.00190   -4.80100   -1.00000
   2.16733   20.92298    7.24617   -1.00000
  -9.47688   19.40483   -1.08336   -1.00000
  -5.92131    6.26291   -8.53651    1.00000
  -9.42252   10.29093    0.02106   -1.00000
   5.34654    6.11172  -10.15901    1.00000
   4.93903    6.95026   -2.93761   -1.00000
  -8.81352    8.46977   -4.50271    1.00000
  -6.75926    3.69781   -7.74256    1.00000
   0.50283   16.52810   -4.79065   -1.00000
   1.05837   13.71864    7.64346   -1.00000
  -7.62445   18.01757    4.56287   -1.00000
  -8.19168    7.79968    3.72335   -1.00000
   4.18511    0.25724   13.18128    1.00000
  -2.33775   18.86822    7.80240   -1.00000
   5.72380    6.96122    3.79747   -1.00000
   6.13166   19.78397    2.69316   -1.00000
   0.12003    5.46569  -11.00583    1.00000
